299
164 224 194
0 0 151 87

150 244 108
0 52 54 119

52 27 229
0 100 39 147

160 143 100
0 0 415 637

115 107 105
0 168 47 431

82 72 14
0 184 31 311

23 80 222
0 192 18 383

128 147 35
0 184 36 407

1 203 99
0 637 407 1159

130 68 121
0 656 199 1159

98 6 35
0 776 151 1159

86 114 200
0 792 130 1159

114 87 94
0 880 41 1006

1 187 146
0 952 79 1159

108 36 50
0 1040 53 1159

180 51 166
0 1087 34 1159

4 17 248
0 613 77 666

151 52 15
4 968 57 1155

99 152 143
19 899 114 1159

167 17 144
19 1032 55 1159

173 52 19
29 880 95 1068

31 252 117
40 992 96 1159

118 90 204
48 574 129 649

50 237 62
53 679 123 781

86 31 63
64 200 135 433

137 197 171
62 648 146 723

155 190 96
66 506 149 551

207 205 100
68 580 151 684

103 93 252
73 16 127 91

120 237 95
79 511 154 605

173 0 6
80 485 155 599

169 118 179
88 0 183 103

4 66 210
92 642 151 706

241 128 72
94 439 154 480

16 191 122
96 0 279 287

214 106 209
96 571 154 667

148 202 90
99 673 175 759

97 47 245
108 704 151 786

190 43 197
128 352 223 604

172 138 44
130 734 207 847

172 144 165
136 858 247 1111

34 67 82
139 784 180 879

100 21 251
147 501 225 726

228 93 255
153 440 290 673

163 216 240
154 538 225 717

14 169 1
155 456 217 639

216 3 215
157 648 213 799

7 249 107
165 0 250 99

50 190 204
175 786 236 967

188 234 139
182 671 241 753

76 143 55
187 699 216 781

143 225 227
187 1030 231 1079

164 221 6
192 816 747 1159

2 220 106
200 906 235 1001

218 205 79
200 948 238 1071

131 206 242
202 328 270 451

134 165 0
204 976 233 1071

127 16 217
206 0 365 135

61 220 224
208 232 355 326

40 103 19
208 280 261 377

183 158 207
208 520 243 655

153 130 28
208 613 247 698

118 136 171
208 719 282 823

82 242 80
208 780 303 867

31 65 82
214 776 277 841

237 52 44
219 354 288 441

146 52 175
224 515 273 591

162 13 53
231 639 271 711

127 238 181
232 0 362 103

230 1 242
237 191 359 260

133 208 26
238 704 303 799

7 236 210
240 580 281 662

143 152 107
242 341 315 418

129 232 225
244 444 314 512

195 58 51
248 0 359 79

247 102 83
248 284 319 353

43 21 64
248 1056 329 1159

57 74 211
250 465 300 511

39 255 117
252 570 328 629

40 242 244
259 692 370 797

248 12 219
260 505 362 587

229 222 96
261 648 362 719

125 73 103
265 816 344 879

101 42 246
266 384 319 432

159 94 119
267 717 320 769

5 177 58
267 754 367 807

26 241 49
268 257 359 343

100 196 93
268 426 366 483

100 58 150
272 940 381 1151

86 46 189
272 601 327 652

98 9 229
272 561 343 615

65 105 221
275 789 329 845

138 208 194
283 400 361 443

181 198 63
285 1034 351 1141

19 62 164
288 945 375 1159

196 120 67
287 1003 361 1090

181 170 72
291 642 359 697

122 7 98
299 380 402 417

180 157 199
303 327 364 383

226 90 43
304 1061 367 1145

236 63 129
307 824 379 873

85 28 227
309 456 370 496

38 223 36
312 69 351 175

236 30 175
312 477 423 557

42 195 100
312 785 394 879

163 6 119
317 560 383 671

77 79 59
318 346 404 394

84 177 240
321 736 450 823

241 120 106
337 384 435 431

75 163 30
336 524 407 591

138 36 1
349 192 416 322

166 8 237
352 0 673 313

133 44 66
352 312 446 377

164 219 104
352 806 399 854

103 63 85
357 667 468 768

109 182 127
359 775 542 867

188 241 34
362 576 439 719

110 226 111
362 416 463 495

230 76 195
365 0 491 224

138 107 180
364 266 441 322

174 108 255
368 552 482 599

182 89 137
372 13 475 206

227 155 48
372 748 496 836

190 4 181
372 479 515 561

254 89 89
372 671 464 739

180 216 192
373 584 508 695

166 251 46
376 852 486 883

136 106 234
383 600 457 679

212 46 88
382 399 489 447

63 226 63
384 362 535 444

171 226 201
384 486 455 528

4 107 119
386 346 469 376

160 155 46
392 609 462 687

164 81 17
392 826 511 865

253 170 207
395 309 501 368

213 107 205
399 860 551 975

208 153 130
405 677 461 743

59 131 40
418 469 491 526

105 220 176
434 438 500 483

75 27 132
436 308 498 360

45 228 196
446 920 643 1049

153 91 111
452 552 525 625

52 137 116
453 128 623 439

133 154 20
456 617 524 711

48 106 184
458 737 527 821

155 55 181
461 265 514 315

52 185 138
462 501 521 543

183 225 91
461 669 580 751

147 145 150
476 374 557 497

174 22 255
477 684 546 735

146 218 74
480 794 662 865

238 73 120
484 481 527 538

119 189 17
487 423 544 508

18 209 69
493 312 560 410

124 137 203
496 722 591 789

179 62 251
498 591 567 639

109 201 150
499 380 554 447

78 36 202
500 484 596 562

224 186 129
504 548 578 601

246 185 21
505 762 585 813

208 3 195
507 600 599 680

25 123 86
508 676 577 744

215 140 68
522 0 696 151

168 210 187
528 943 729 1091

50 157 205
528 816 671 858

112 152 73
532 1056 594 1159

57 46 253
535 421 607 627

93 248 106
538 787 600 831

23 121 184
540 666 591 759

208 142 152
540 320 667 830

212 82 142
541 554 603 663

79 168 94
543 752 779 959

220 236 120
555 512 596 567

174 167 79
556 740 771 947

75 117 247
557 0 651 98

227 190 41
560 745 751 927

17 187 154
559 1055 621 1159

9 37 211
571 773 623 847

130 222 49
575 856 708 914

17 118 72
577 200 634 300

99 5 25
579 3 697 135

11 99 237
585 214 719 273

247 219 60
592 604 711 762

158 42 24
592 0 656 43

19 34 198
594 284 655 372

210 75 17
593 1066 662 1159

141 229 244
595 1072 645 1159

179 185 5
597 304 660 447

145 234 14
599 183 678 228

7 50 145
603 740 751 887

12 75 162
606 496 660 591

112 56 5
613 712 693 821

75 117 16
614 809 711 855

118 141 7
615 655 683 711

152 84 165
618 416 671 477

227 101 185
618 384 692 437

201 90 139
620 448 694 583

130 95 24
620 0 781 74

108 110 203
624 74 743 183

158 255 92
624 1033 679 1111

234 161 100
624 319 927 1143

34 166 112
627 244 682 345

151 182 224
632 42 786 83

37 189 44
634 320 714 395

121 98 162
636 740 711 789

222 27 58
640 195 705 255

56 166 29
640 451 727 538

152 191 230
642 680 737 746

6 138 104
644 370 749 462

5 231 212
646 426 716 477

166 75 115
651 1056 742 1159

76 187 93
656 132 742 233

2 156 127
656 139 750 297

191 200 23
658 275 741 343

33 106 60
659 646 753 720

61 164 181
659 52 747 171

227 193 147
663 782 721 826

162 168 204
664 246 723 295

45 16 100
664 449 764 547

20 229 106
665 688 872 1071

95 88 111
666 522 729 604

26 181 21
668 909 771 1023

182 52 97
668 573 714 640

126 75 99
672 55 782 171

232 135 34
672 130 833 276

140 60 67
672 787 856 1130

78 208 128
672 328 943 1135

246 156 100
673 88 741 167

6 0 6
674 0 778 57

235 106 51
680 328 969 1159

67 217 71
684 607 751 682

248 238 166
685 624 878 1017

45 79 193
686 374 751 463

120 178 119
687 733 746 794

0 212 246
688 332 749 436

60 23 222
688 585 762 727

12 152 107
688 356 969 1159

168 252 185
687 290 744 375

168 2 175
689 512 764 575

18 54 181
696 438 760 507

235 125 161
697 67 783 103

217 36 228
698 350 749 437

40 229 221
709 200 854 721

218 92 10
714 687 866 990

174 82 130
717 557 767 663

198 49 130
719 432 941 1159

94 156 191
719 694 770 751

90 85 203
728 288 857 946

92 4 116
727 672 859 975

146 185 28
728 394 969 1159

16 90 47
731 112 797 227

52 63 26
736 241 808 827

25 28 244
736 350 833 927

117 38 28
736 440 969 1159

200 168 247
741 96 796 206

249 43 165
743 327 769 583

149 234 107
746 0 908 97

234 181 201
748 0 823 39

238 41 35
755 448 776 751

167 70 128
760 270 818 876

2 117 18
776 32 943 143

65 143 34
776 128 831 272

93 131 86
784 40 852 76

131 160 111
786 268 843 428

43 151 229
792 301 852 639

86 60 173
793 704 887 991

64 168 166
800 467 824 780

246 113 59
804 110 883 287

31 149 37
808 0 872 55

101 21 19
808 536 969 1153

218 39 186
808 1139 879 1159

106 74 188
816 49 969 247

237 160 253
816 124 887 218

141 16 90
816 221 879 296

36 245 221
816 280 923 328

97 162 9
816 282 882 647

9 72 95
816 396 849 571

122 131 160
822 299 875 663

15 168 150
824 309 863 627

36 187 181
826 312 857 495

76 117 27
846 568 969 1159

150 50 245
847 314 891 745

54 47 95
854 314 898 732

70 138 77
872 13 922 63

59 103 218
872 319 905 679

221 112 255
874 98 927 327

37 208 96
878 16 969 129

168 112 105
884 776 969 1075

80 6 227
894 0 969 39

11 187 243
898 1070 959 1159

129 214 23
904 996 969 1105

179 204 99
910 192 963 339

226 43 249
912 222 949 329

108 120 48
912 920 947 1042

212 83 118
920 1120 969 1159

68 82 178
933 1064 969 1135

20 178 143
935 94 969 180

132 27 181
935 137 969 255

138 254 93
952 235 969 351


63
1 2 3 4 5 6 7 8 9 10 11 12 13 14 15 16 17 19 20 22 32 35 48 53 58 69 75 77 95 112 119 163 166 175 177 184 186 187 198 211 229 230 237 246 250 254 257 258 269 270 271 272 281 287 288 289 290 291 295 296 297 298 299 

299
1 4
2  4  29  32  
2 3
1  3  4  
3 2
2  4  
4 26
1  2  3  5  17  23  25  27  28  29  30  31  32  34  35  39  58  59  60  69  70  75  103  112  119  122  
5 3
4  6  8  
6 3
5  7  8  
7 2
6  8  
8 3
5  6  7  
9 16
10  17  24  26  38  40  41  42  49  53  64  77  89  94  95  100  
10 2
9  11  
11 3
10  12  13  
12 4
11  13  19  21  
13 5
11  12  14  19  22  
14 5
13  15  18  20  22  
15 4
14  16  18  20  
16 1
15  
17 4
4  9  23  26  
18 3
14  15  20  
19 4
12  13  21  22  
20 3
14  15  18  
21 2
12  19  
22 3
13  14  19  
23 5
4  17  26  28  33  
24 2
9  38  
25 1
4  
26 6
9  17  23  33  37  38  
27 3
4  30  31  
28 6
4  23  30  33  36  43  
29 3
1  4  32  
30 6
4  27  28  31  36  39  
31 4
4  27  30  39  
32 3
1  4  29  
33 5
23  26  28  37  43  
34 2
4  39  
35 2
4  48  
36 4
28  30  43  44  
37 6
26  33  38  40  43  47  
38 5
9  24  26  37  40  
39 8
4  30  31  34  44  46  56  60  
40 7
9  37  38  42  47  49  64  
41 6
9  49  52  54  55  57  
42 3
9  40  49  
43 9
28  33  36  37  44  45  47  61  67  
44 9
36  39  43  46  56  67  74  78  81  
45 4
43  47  61  62  
46 2
39  44  
47 8
37  40  43  45  50  51  62  64  
48 1
35  
49 6
9  40  41  42  54  55  
50 6
47  51  62  63  68  71  
51 5
47  50  63  64  65  
52 3
41  55  57  
53 17
9  64  83  101  105  116  127  136  141  151  164  166  172  176  179  248  253  
54 3
41  49  55  
55 5
41  49  52  54  57  
56 6
39  44  60  66  74  88  
57 3
41  52  55  
58 2
4  69  
59 7
4  60  70  76  87  111  112  
60 6
4  39  56  59  66  76  
61 6
43  45  62  67  68  72  
62 5
45  47  50  61  68  
63 7
50  51  65  71  83  86  92  
64 7
9  40  47  51  53  65  83  
65 4
51  63  64  83  
66 6
56  60  73  76  84  88  
67 7
43  44  61  72  79  81  91  
68 7
50  61  62  71  72  80  82  
69 3
4  58  75  
70 3
4  59  112  
71 6
50  63  68  80  85  86  
72 6
61  67  68  79  82  90  
73 5
66  76  84  98  99  
74 7
44  56  78  81  88  102  104  
75 2
4  69  
76 6
59  60  66  73  87  99  
77 1
9  
78 3
44  74  81  
79 5
67  72  90  91  106  
80 8
68  71  82  85  86  108  115  116  
81 8
44  67  74  78  91  104  106  110  
82 6
68  72  80  90  97  115  
83 6
53  63  64  65  92  101  
84 5
66  73  88  93  98  
85 3
71  80  86  
86 8
63  71  80  85  92  105  114  116  
87 4
59  76  99  113  
88 7
56  66  74  84  93  102  118  
89 4
9  94  95  96  
90 5
72  79  82  97  106  
91 4
67  79  81  106  
92 5
63  83  86  101  105  
93 5
84  88  98  109  118  
94 4
9  89  96  100  
95 4
9  89  96  100  
96 4
89  94  95  100  
97 4
82  90  106  115  
98 6
73  84  93  99  107  109  
99 6
73  76  87  98  107  113  
100 4
9  94  95  96  
101 4
53  83  92  105  
102 4
74  88  104  118  
103 1
4  
104 7
74  81  102  110  118  121  124  
105 6
53  86  92  101  114  127  
106 9
79  81  90  91  97  110  115  117  121  
107 5
98  99  109  113  130  
108 4
80  115  116  123  
109 6
93  98  107  118  129  130  
110 4
81  104  106  121  
111 4
59  112  113  120  
112 14
4  59  70  111  119  120  122  140  143  146  163  189  212  213  
113 8
87  99  107  111  120  130  132  135  
114 5
86  105  116  127  134  
115 11
80  82  97  106  108  117  123  125  137  145  148  
116 9
53  80  86  108  114  123  134  136  151  
117 5
106  115  121  125  126  
118 10
88  93  102  104  109  124  129  131  138  139  
119 3
4  112  122  
120 5
111  112  113  135  140  
121 7
104  106  110  117  124  126  142  
122 3
4  112  119  
123 5
108  115  116  145  151  
124 8
104  118  121  131  138  142  147  158  
125 8
115  117  126  128  133  137  144  148  
126 8
117  121  125  128  142  144  156  161  
127 5
53  105  114  134  136  
128 4
125  126  133  144  
129 4
109  118  130  139  
130 11
107  109  113  129  132  135  139  149  153  154  157  
131 3
118  124  138  
132 3
113  130  135  
133 3
125  128  144  
134 4
114  116  127  136  
135 6
113  120  130  132  140  154  
136 5
53  116  127  134  141  
137 3
115  125  148  
138 6
118  124  131  139  147  152  
139 6
118  129  130  138  152  153  
140 6
112  120  135  143  146  154  
141 2
53  136  
142 6
121  124  126  156  158  159  
143 9
112  140  146  154  157  170  180  185  188  
144 6
125  126  128  133  148  161  
145 6
115  123  148  151  155  160  
146 3
112  140  143  
147 4
124  138  152  158  
148 10
115  125  137  144  145  150  155  161  162  169  
149 5
130  153  157  158  167  
150 3
148  155  162  
151 9
53  116  123  145  160  165  168  179  190  
152 5
138  139  147  153  158  
153 5
130  139  149  152  158  
154 5
130  135  140  143  157  
155 8
145  148  150  160  162  169  170  178  
156 4
126  142  159  161  
157 6
130  143  149  154  167  170  
158 10
124  142  147  149  152  153  159  167  171  173  
159 5
142  156  158  161  171  
160 5
145  151  155  168  178  
161 8
126  144  148  156  159  169  170  171  
162 4
148  150  155  169  
163 5
112  175  199  212  225  
164 9
53  166  177  186  200  201  220  222  248  
165 5
151  168  178  190  193  
166 3
53  164  177  
167 6
149  157  158  170  171  173  
168 4
151  160  165  178  
169 5
148  155  161  162  170  
170 17
143  155  157  161  167  169  171  178  183  188  191  192  193  195  197  221  223  
171 6
158  159  161  167  170  173  
172 6
53  174  176  252  253  260  
173 3
158  167  171  
174 4
172  176  247  259  
175 4
163  181  184  199  
176 5
53  172  174  179  190  
177 3
164  166  186  
178 6
155  160  165  168  170  193  
179 4
53  151  176  190  
180 5
143  182  185  189  202  
181 7
175  184  198  199  203  216  228  
182 6
180  189  202  206  213  218  
183 9
170  192  194  205  208  215  223  231  234  
184 3
175  181  198  
185 5
143  180  188  202  204  
186 5
164  177  187  201  211  
187 1
186  
188 7
143  170  185  195  196  204  209  
189 5
112  180  182  206  213  
190 8
151  165  176  179  193  217  234  247  
191 2
170  197  
192 5
170  183  193  205  217  
193 6
165  170  178  190  192  217  
194 3
183  208  215  
195 7
170  188  196  197  207  210  219  
196 4
188  195  209  210  
197 5
170  191  195  207  221  
198 5
181  184  203  229  257  
199 6
163  175  181  216  225  228  
200 2
164  201  
201 10
164  186  200  211  220  226  227  232  275  285  
202 6
180  182  185  204  214  218  
203 6
181  198  216  224  241  257  
204 9
185  188  202  209  214  233  235  238  242  
205 4
183  192  217  234  
206 3
182  189  213  
207 5
195  197  219  221  239  
208 5
183  194  215  234  247  
209 6
188  196  204  210  233  240  
210 5
195  196  209  219  240  
211 4
186  201  227  230  
212 5
112  163  213  225  243  
213 8
112  182  189  206  212  214  218  243  
214 6
202  204  213  218  238  243  
215 6
183  194  208  231  236  247  
216 6
181  199  203  224  225  228  
217 5
190  192  193  205  234  
218 4
182  202  213  214  
219 6
195  207  210  239  240  256  
220 4
164  201  222  232  
221 7
170  197  207  223  236  239  245  
222 6
164  220  232  244  248  249  
223 5
170  183  221  231  236  
224 7
203  216  225  241  255  257  261  
225 10
163  199  212  216  224  243  251  255  262  274  
226 2
201  227  
227 6
201  211  226  230  266  275  
228 3
181  199  216  
229 3
198  257  258  
230 7
211  227  237  266  286  292  299  
231 4
183  215  223  236  
232 6
201  220  222  244  283  285  
233 5
204  209  240  242  256  
234 6
183  190  205  208  217  247  
235 4
204  238  242  256  
236 7
215  221  223  231  245  247  259  
237 3
230  246  250  
238 5
204  214  235  243  256  
239 5
207  219  221  245  256  
240 5
209  210  219  233  256  
241 3
203  224  257  
242 4
204  233  235  256  
243 15
212  213  214  225  238  248  252  256  259  260  264  265  274  275  276  
244 5
222  232  249  282  283  
245 5
221  236  239  256  259  
246 2
237  250  
247 7
174  190  208  215  234  236  259  
248 11
53  164  222  243  249  253  260  265  277  278  282  
249 4
222  244  248  282  
250 3
237  246  254  
251 4
225  255  261  262  
252 4
172  243  259  260  
253 5
53  172  248  260  267  
254 4
250  270  271  281  
255 4
224  225  251  261  
256 10
219  233  235  238  239  240  242  243  245  259  
257 11
198  203  224  229  241  258  261  263  269  284  289  
258 3
229  257  269  
259 7
174  236  243  245  247  252  256  
260 6
172  243  248  252  253  267  
261 10
224  251  255  257  262  268  272  284  287  289  
262 5
225  251  261  268  274  
263 2
257  269  
264 4
243  265  276  280  
265 7
243  248  264  277  278  279  280  
266 2
227  230  
267 2
253  260  
268 6
261  262  272  273  274  286  
269 3
257  258  263  
270 2
254  281  
271 1
254  
272 8
261  268  273  286  287  292  297  298  
273 3
268  272  286  
274 6
225  243  262  268  275  286  
275 9
201  227  243  274  276  282  283  285  286  
276 7
243  264  275  278  279  280  282  
277 2
248  265  
278 5
248  265  276  279  282  
279 4
265  276  278  280  
280 4
264  265  276  279  
281 5
254  270  288  290  291  
282 7
244  248  249  275  276  278  283  
283 5
232  244  275  282  285  
284 3
257  261  289  
285 4
201  232  275  283  
286 8
230  268  272  273  274  275  292  293  
287 3
261  272  289  
288 3
281  291  294  
289 4
257  261  284  287  
290 4
281  291  295  296  
291 5
281  288  290  294  296  
292 6
230  272  286  293  298  299  
293 2
286  292  
294 2
288  291  
295 2
290  296  
296 3
290  291  295  
297 2
272  298  
298 4
272  292  297  299  
299 3
230  292  298  

0
