297
164 224 194
0 0 699 699

150 244 108
122 298 126 325

52 27 229
123 312 128 348

160 143 100
124 309 130 353

115 107 105
125 290 133 309

82 72 14
127 313 129 347

23 80 222
128 272 142 294

128 147 35
127 269 251 428

1 203 99
128 350 134 358

130 68 121
131 355 178 407

98 6 35
131 257 160 289

86 114 200
135 363 144 373

114 87 94
152 403 169 477

1 187 146
153 255 156 266

108 36 50
153 465 155 487

180 51 166
155 458 156 466

4 17 248
154 482 156 505

151 52 15
156 448 157 457

99 152 143
156 445 163 537

167 17 144
156 506 158 524

173 52 19
157 252 161 266

31 252 117
157 406 216 554

118 90 204
159 252 222 383

50 237 62
159 387 175 403

86 31 63
159 426 163 439

137 197 171
159 528 164 546

155 190 96
161 269 164 282

207 205 100
164 543 168 557

103 93 252
165 413 168 420

120 237 95
168 252 176 257

173 0 6
169 555 175 565

169 118 179
170 296 174 309

4 66 210
170 403 174 412

241 128 72
170 347 371 633

16 191 122
171 230 202 266

214 106 209
175 565 184 575

148 202 90
178 263 182 270

97 47 245
179 553 196 553

190 43 197
180 572 198 591

172 138 44
180 262 269 364

172 144 165
185 292 189 305

34 67 82
185 576 200 591

100 21 251
190 342 210 370

228 93 255
191 175 191 214

163 216 240
191 264 199 270

14 169 1
192 149 195 173

216 3 215
192 166 194 214

7 249 107
192 252 197 268

50 190 204
193 205 195 228

188 234 139
193 206 194 219

76 143 55
193 224 233 272

143 225 227
194 162 195 170

164 221 6
194 129 205 213

2 220 106
194 480 209 496

218 205 79
195 155 196 163

131 206 242
195 48 512 344

134 165 0
195 214 197 229

127 16 217
195 221 196 229

61 220 224
195 479 208 485

40 103 19
196 118 207 158

183 158 207
196 230 198 241

153 130 28
198 324 204 339

118 136 171
198 236 210 251

82 242 80
199 589 216 604

31 65 82
201 527 209 548

237 52 44
203 231 217 250

146 52 175
204 197 209 210

162 13 53
206 171 231 230

127 238 181
207 112 212 120

230 1 242
208 214 211 223

133 208 26
208 504 211 525

7 236 210
209 106 213 114

143 152 107
211 268 219 290

129 232 225
212 442 214 465

195 58 51
212 490 216 505

247 102 83
212 101 216 109

43 21 64
213 257 215 265

57 74 211
214 602 225 611

39 255 117
215 98 219 107

40 242 244
216 244 225 259

248 12 219
216 361 228 368

229 222 96
216 473 216 489

125 73 103
217 473 217 489

101 42 246
217 366 239 407

159 94 119
218 88 227 97

5 177 58
219 225 227 230

26 241 49
220 80 231 92

100 196 93
218 289 240 316

100 58 150
220 380 226 387

86 46 189
222 607 257 623

98 9 229
223 81 232 90

65 105 221
226 240 233 245

138 208 194
226 301 231 308

181 198 63
228 72 240 82

19 62 164
229 307 239 318

196 120 67
229 356 242 361

181 170 72
232 76 237 81

122 7 98
233 228 234 239

180 157 199
234 354 243 356

226 90 43
238 70 243 76

236 63 129
238 316 253 331

85 28 227
241 315 255 330

38 223 36
242 352 249 354

236 30 175
243 66 252 72

42 195 100
243 62 257 73

163 6 119
244 320 263 337

77 79 59
244 352 255 355

84 177 240
245 415 251 426

241 120 106
247 349 260 351

75 163 30
250 623 382 636

138 36 1
257 346 266 349

166 8 237
258 309 373 414

133 44 66
257 60 264 64

164 219 104
262 57 268 60

103 63 85
262 455 263 479

109 182 127
262 335 270 340

188 241 34
263 320 506 649

110 226 111
264 480 267 498

230 76 195
269 52 281 56

138 107 180
273 412 307 432

174 108 255
279 348 293 352

182 89 137
280 50 289 52

227 155 48
282 49 319 53

190 4 181
287 419 300 425

254 89 89
295 412 315 423

180 216 192
296 413 388 482

166 251 46
299 561 311 575

136 106 234
301 46 312 47

212 46 88
303 47 319 48

63 226 63
306 637 324 637

171 226 201
307 44 331 44

4 107 119
306 434 310 442

160 155 46
308 45 354 46

164 81 17
308 433 319 436

253 170 207
308 434 332 457

213 107 205
314 455 331 458

208 153 130
318 633 338 633

59 131 40
320 47 337 47

105 220 176
324 591 368 626

75 27 132
326 442 338 453

45 228 196
326 496 339 520

153 91 111
328 486 346 527

52 137 116
329 485 342 490

133 154 20
332 44 350 44

48 106 184
336 48 354 50

155 55 181
338 47 350 48

52 185 138
339 46 358 47

183 225 91
340 310 560 632

147 145 150
343 448 356 455

174 22 255
345 610 358 619

146 218 74
346 501 347 511

238 73 120
346 519 347 526

119 189 17
351 47 379 51

18 209 69
351 472 362 480

124 137 203
359 619 367 626

179 62 251
363 50 375 52

109 201 150
364 480 377 489

78 36 202
364 481 401 520

224 186 129
366 462 412 489

246 185 21
368 461 380 462

208 3 195
369 53 394 58

25 123 86
369 308 385 309

215 140 68
374 51 381 53

168 210 187
375 309 391 310

50 157 205
381 460 388 462

112 152 73
381 633 398 639

57 46 253
381 52 387 56

93 248 106
381 277 386 285

23 121 184
383 231 425 289

208 142 152
384 635 392 639

212 82 142
386 53 398 57

79 168 94
386 308 398 309

220 236 120
387 55 402 58

174 167 79
388 257 392 267

75 117 247
390 239 394 250

227 190 41
392 59 399 61

17 187 154
393 309 401 310

9 37 211
393 596 550 652

130 222 49
394 284 409 290

17 118 72
398 61 416 66

99 5 25
399 308 411 312

11 99 237
400 59 411 61

247 219 60
406 62 426 68

158 42 24
407 238 420 241

19 34 198
409 65 418 68

210 75 17
410 311 420 313

141 229 244
413 360 433 380

179 185 5
417 66 429 69

145 234 14
417 69 429 70

7 50 145
421 313 452 324

12 75 162
423 71 435 76

112 56 5
424 312 438 316

75 117 16
425 647 437 648

118 141 7
430 71 440 77

152 84 165
437 653 454 653

227 101 185
438 537 498 575

201 90 139
439 542 451 555

130 95 24
441 77 450 82

108 110 203
440 649 449 650

158 255 92
443 475 451 482

234 161 100
446 310 457 321

34 166 112
448 82 455 88

151 182 224
448 289 502 357

37 189 44
449 555 457 562

121 98 162
450 301 466 314

222 27 58
451 648 462 649

56 166 29
455 87 461 91

152 191 230
456 559 467 572

6 138 104
457 86 466 93

5 231 212
458 300 469 309

166 75 115
457 563 463 570

76 187 93
465 94 472 99

2 156 127
467 93 527 278

191 200 23
468 548 490 550

33 106 60
467 642 477 648

61 164 181
469 276 492 298

227 193 147
469 636 478 643

162 168 204
470 579 475 590

45 16 100
470 285 485 299

20 229 106
471 337 482 346

95 88 111
476 591 481 600

26 181 21
476 629 491 639

182 52 97
478 104 492 118

126 75 99
481 109 491 118

232 135 34
481 258 521 343

140 60 67
482 347 495 358

78 208 128
482 602 484 627

246 156 100
485 279 493 284

6 0 6
486 352 494 359

235 106 51
489 117 496 125

67 217 71
491 126 519 291

248 238 166
494 552 498 564

45 79 193
495 356 509 379

120 178 119
495 348 555 421

0 212 246
498 288 512 293

60 23 222
498 603 516 621

12 152 107
498 610 511 623

168 252 185
499 597 522 621

168 2 175
500 251 508 276

18 54 181
500 345 506 352

235 125 161
501 338 508 344

217 36 228
504 341 522 355

40 229 221
505 150 507 162

218 92 10
507 206 513 250

174 82 130
506 511 507 522

198 49 130
508 335 511 344

94 156 191
509 252 509 268

90 85 203
510 174 513 205

92 4 116
512 192 512 205

146 185 28
511 319 517 335

16 90 47
516 240 518 264

52 63 26
517 258 519 265

25 28 244
517 307 521 329

117 38 28
517 604 537 608

200 168 247
520 184 520 237

249 43 165
520 249 524 307

149 234 107
520 388 541 405

234 181 201
521 184 521 229

238 41 35
521 259 521 278

167 70 128
522 154 527 195

2 117 18
522 258 522 289

65 143 34
521 355 535 372

93 131 86
523 158 523 171

131 160 111
520 552 560 603

43 151 229
525 248 525 291

86 60 173
526 196 529 216

64 168 166
527 218 528 234

246 113 59
526 618 532 622

31 149 37
530 370 537 376

101 21 19
534 374 541 382

218 39 186
539 376 554 407

106 74 188
541 404 547 414

237 160 253
541 407 549 421

141 16 90
543 594 553 604

36 245 221
549 416 565 564

97 162 9
548 422 554 436

9 72 95
552 434 555 441

122 131 160
552 553 557 561

15 168 150
554 408 557 415

36 187 181
555 438 558 452

76 117 27
554 543 557 553

150 50 245
554 581 557 593

54 47 95
557 416 560 423

70 138 77
557 530 559 548

59 103 218
559 424 566 456

221 112 255
558 449 559 460

37 208 96
560 455 562 475

168 112 105
560 468 560 488

80 6 227
560 519 560 541

11 187 243
561 476 561 495

129 214 23
562 476 562 493

179 204 99
561 494 562 533

226 43 249
562 542 562 557

108 120 48
563 476 563 514

212 83 118
563 524 564 553

68 82 178
565 457 567 512

20 178 143
565 477 566 530


1
1 

297
1 105
2  3  4  5  7  9  10  11  12  13  14  15  17  19  20  21  23  25  26  28  30  31  35  36  39  44  46  47  49  50  58  60  61  64  69  72  76  78  79  85  87  90  94  100  104  105  110  113  114  119  122  123  128  129  130  131  133  144  147  153  163  166  167  170  171  173  178  182  183  188  194  195  198  202  207  209  213  215  234  242  246  250  253  254  256  260  262  264  265  266  267  268  269  270  271  274  275  279  282  283  285  293  295  296  297  
2 4
1  3  4  5  
3 5
1  2  4  6  8  
4 7
1  2  3  5  6  8  9  
5 6
1  2  4  7  8  11  
6 3
3  4  8  
7 3
1  5  11  
8 17
3  4  5  6  9  10  11  22  23  24  27  32  34  43  84  89  108  
9 4
1  4  8  10  
10 7
1  8  9  12  22  24  33  
11 7
1  5  7  8  14  21  23  
12 2
1  10  
13 9
1  15  16  18  19  22  25  29  33  
14 2
1  11  
15 5
1  13  16  17  19  
16 3
13  15  19  
17 3
1  15  19  
18 2
13  19  
19 9
1  13  15  16  17  18  20  22  26  
20 2
1  19  
21 3
1  11  23  
22 18
8  10  13  19  25  26  28  29  33  34  38  54  59  65  71  74  75  82  
23 16
1  8  11  21  27  30  32  35  37  40  41  43  62  81  84  89  
24 2
8  10  
25 3
1  13  22  
26 4
1  19  22  28  
27 2
8  23  
28 4
1  22  26  31  
29 2
13  22  
30 3
1  23  35  
31 4
1  28  34  36  
32 2
8  23  
33 3
10  13  22  
34 35
8  22  31  36  38  39  42  64  65  71  74  75  78  81  83  84  90  96  107  108  109  110  112  115  117  118  120  121  124  125  127  137  139  150  155  
35 10
1  23  30  37  40  48  51  56  61  63  
36 4
1  31  34  39  
37 3
23  35  40  
38 2
22  34  
39 4
1  34  36  42  
40 22
23  35  37  41  45  51  56  62  73  81  88  93  95  96  99  101  103  106  109  111  112  116  
41 2
23  40  
42 3
34  39  64  
43 2
8  23  
44 2
1  47  
45 3
40  48  51  
46 5
1  47  52  55  60  
47 6
1  44  46  49  52  53  
48 3
35  45  51  
49 5
1  47  50  57  58  
50 3
1  49  53  
51 13
35  40  45  48  56  63  66  68  77  80  86  92  98  
52 4
46  47  53  55  
53 6
47  50  52  55  56  60  
54 2
22  59  
55 4
46  52  53  60  
56 81
35  40  51  53  57  60  61  63  66  67  68  69  70  72  73  76  77  79  80  85  88  91  92  93  97  98  100  102  104  105  106  112  113  114  116  119  123  129  138  145  153  156  161  162  168  169  172  174  175  176  179  180  181  184  185  186  189  190  191  192  194  198  201  202  205  207  209  210  212  213  216  219  223  224  230  231  239  243  244  248  249  
57 3
49  56  58  
58 3
1  49  57  
59 2
22  54  
60 6
1  46  53  55  56  69  
61 3
1  35  56  
62 2
23  40  
63 4
35  51  56  66  
64 4
1  34  42  78  
65 2
22  34  
66 3
51  56  63  
67 2
56  68  
68 5
51  56  67  70  86  
69 4
1  56  60  72  
70 2
56  68  
71 3
22  34  75  
72 4
1  56  69  76  
73 3
40  56  88  
74 2
22  34  
75 3
22  34  71  
76 4
1  56  72  79  
77 3
51  56  80  
78 4
1  34  64  90  
79 4
1  56  76  85  
80 3
51  56  77  
81 4
23  34  40  84  
82 2
22  83  
83 2
34  82  
84 5
8  23  34  81  89  
85 5
1  56  79  87  91  
86 2
51  68  
87 4
1  85  91  94  
88 6
40  56  73  93  95  101  
89 3
8  23  84  
90 4
1  34  78  110  
91 4
56  85  87  97  
92 2
51  56  
93 4
40  56  88  95  
94 4
1  87  97  100  
95 4
40  88  93  101  
96 3
34  40  99  
97 3
56  91  94  
98 2
51  56  
99 3
40  96  103  
100 5
1  56  94  104  105  
101 5
40  88  95  102  106  
102 3
56  101  106  
103 4
40  99  107  109  
104 4
1  56  100  105  
105 5
1  56  100  104  113  
106 5
40  56  101  102  116  
107 3
34  103  109  
108 2
8  34  
109 6
34  40  103  107  111  112  
110 7
1  34  90  117  130  137  166  
111 3
40  109  112  
112 13
34  40  56  109  111  116  117  120  121  125  126  148  162  
113 4
1  56  105  114  
114 3
1  56  113  
115 2
34  117  
116 4
40  56  106  112  
117 50
34  110  112  115  118  120  124  125  126  127  132  134  135  136  139  140  141  142  143  148  149  150  151  152  154  155  157  158  159  160  165  166  178  187  193  196  197  199  200  204  206  208  211  214  217  218  221  222  227  245  
118 2
34  117  
119 3
1  56  122  
120 5
34  112  117  124  125  
121 2
34  112  
122 3
1  119  123  
123 4
1  56  122  129  
124 5
34  117  120  125  126  
125 6
34  112  117  120  124  126  
126 13
112  117  124  125  134  135  140  149  154  157  158  159  160  
127 2
34  117  
128 3
1  129  133  
129 5
1  56  123  128  133  
130 2
1  110  
131 2
1  133  
132 2
117  135  
133 7
1  128  129  131  138  144  147  
134 3
117  126  135  
135 6
117  126  132  134  136  140  
136 2
117  135  
137 2
34  110  
138 3
56  133  145  
139 4
34  117  150  155  
140 3
117  126  135  
141 2
117  142  
142 5
117  141  143  151  152  
143 2
117  142  
144 2
1  133  
145 4
56  138  146  153  
146 2
145  147  
147 4
1  133  146  153  
148 43
112  117  164  177  178  181  186  187  190  196  203  214  218  220  221  222  226  227  229  232  233  234  236  237  238  245  257  264  272  273  275  276  277  278  280  281  284  286  287  288  289  290  292  
149 2
117  126  
150 3
34  117  139  
151 2
117  142  
152 2
117  142  
153 6
1  56  145  147  156  163  
154 2
117  126  
155 3
34  117  139  
156 4
56  153  161  163  
157 3
117  126  158  
158 3
117  126  157  
159 4
117  126  160  165  
160 3
117  126  159  
161 6
56  156  163  167  173  176  
162 3
56  112  164  
163 5
1  153  156  161  167  
164 3
148  162  172  
165 2
117  159  
166 5
1  110  117  170  178  
167 5
1  161  163  171  173  
168 2
56  169  
169 6
56  168  174  175  179  184  
170 2
1  166  
171 3
1  167  173  
172 3
56  164  177  
173 6
1  161  167  171  176  182  
174 2
56  169  
175 2
56  169  
176 4
56  161  173  180  
177 3
148  172  181  
178 17
1  117  148  166  193  195  199  206  215  217  222  236  237  238  254  264  274  
179 2
56  169  
180 5
56  176  182  183  185  
181 4
56  148  177  186  
182 4
1  173  180  183  
183 4
1  180  182  188  
184 2
56  169  
185 4
56  180  188  189  
186 3
56  148  181  
187 2
117  148  
188 4
1  183  185  189  
189 4
56  185  188  191  
190 5
56  148  192  201  203  
191 3
56  189  194  
192 2
56  190  
193 2
117  178  
194 3
1  56  191  
195 2
1  178  
196 8
117  148  197  204  208  211  214  232  
197 2
117  196  
198 3
1  56  202  
199 2
117  178  
200 1
117  
201 4
56  190  203  205  
202 4
1  56  198  207  
203 14
148  190  201  210  216  219  220  225  226  229  233  234  240  241  
204 3
117  196  208  
205 3
56  201  210  
206 2
117  178  
207 4
1  56  202  209  
208 4
117  196  204  211  
209 4
1  56  207  212  
210 3
56  203  205  
211 3
117  196  208  
212 3
56  209  213  
213 19
1  56  212  223  224  225  230  231  251  252  255  256  258  260  261  263  265  266  267  
214 3
117  148  196  
215 2
1  178  
216 6
56  203  219  225  228  231  
217 3
117  178  222  
218 2
117  148  
219 4
56  203  216  225  
220 2
148  203  
221 2
117  148  
222 4
117  148  178  217  
223 4
56  213  224  230  
224 4
56  213  223  230  
225 15
203  213  216  219  228  231  235  241  246  250  252  253  256  259  261  
226 4
148  203  229  233  
227 2
117  148  
228 3
216  225  231  
229 3
148  203  226  
230 5
56  213  223  224  231  
231 14
56  213  216  225  228  230  235  239  243  244  247  248  251  255  
232 2
148  196  
233 4
148  203  226  234  
234 15
1  148  203  233  240  242  257  262  269  270  271  272  273  275  279  
235 2
225  231  
236 4
148  178  237  238  
237 4
148  178  236  238  
238 5
148  178  236  237  264  
239 3
56  231  247  
240 4
203  234  241  242  
241 5
203  225  240  242  246  
242 6
1  234  240  241  246  262  
243 2
56  231  
244 2
56  231  
245 2
117  148  
246 4
1  225  241  242  
247 2
231  239  
248 3
56  231  249  
249 2
56  248  
250 3
1  225  253  
251 3
213  231  252  
252 3
213  225  251  
253 4
1  225  250  256  
254 2
1  178  
255 3
213  231  258  
256 6
1  213  225  253  261  265  
257 3
148  234  272  
258 2
213  255  
259 2
225  261  
260 3
1  213  263  
261 4
213  225  256  259  
262 4
1  234  242  269  
263 2
213  260  
264 8
1  148  178  238  274  275  278  282  
265 3
1  213  256  
266 2
1  213  
267 2
1  213  
268 1
1  
269 4
1  234  262  270  
270 4
1  234  269  271  
271 3
1  234  270  
272 4
148  234  257  273  
273 4
148  234  272  275  
274 3
1  178  264  
275 22
1  148  234  264  273  276  277  278  280  281  283  284  285  286  287  289  292  293  294  295  296  297  
276 3
148  275  277  
277 4
148  275  276  280  
278 4
148  264  275  281  
279 2
1  234  
280 4
148  275  277  286  
281 4
148  275  278  284  
282 2
1  264  
283 2
1  275  
284 4
148  275  281  289  
285 2
1  275  
286 4
148  275  280  287  
287 4
148  275  286  288  
288 3
148  287  290  
289 4
148  275  284  292  
290 4
148  288  291  292  
291 2
290  294  
292 5
148  275  289  290  294  
293 3
1  275  295  
294 3
275  291  292  
295 4
1  275  293  297  
296 3
1  275  297  
297 4
1  275  295  296  

0
