267
164 224 194
0 0 1 36

150 244 108
0 35 1 45

52 27 229
0 45 1 55

160 143 100
0 56 1 66

115 107 105
0 67 1 76

82 72 14
0 77 1 86

23 80 222
0 86 1 95

128 147 35
0 96 1 114

1 203 99
0 138 0 170

130 68 121
0 177 1 346

98 6 35
0 347 1 421

86 114 200
0 429 1 471

114 87 94
0 497 1 505

1 187 146
0 506 0 515

108 36 50
0 515 1 639

180 51 166
0 0 129 639

4 17 248
0 171 1 176

151 52 15
1 449 1 467

99 152 143
61 184 119 329

167 17 144
67 199 132 297

173 52 19
72 215 236 310

31 252 117
96 330 135 639

118 90 204
102 306 128 323

50 237 62
101 314 155 388

86 31 63
102 50 124 108

137 197 171
103 502 105 519

155 190 96
104 160 106 170

207 205 100
104 313 116 333

103 93 252
105 494 109 506

120 237 95
105 359 350 639

173 0 6
104 520 115 566

169 118 179
105 0 152 133

4 66 210
105 153 108 159

241 128 72
106 134 161 214

16 191 122
106 172 109 179

214 106 209
107 564 139 639

148 202 90
107 487 111 494

97 47 245
108 387 111 391

190 43 197
109 108 125 140

172 138 44
110 399 115 409

172 144 165
109 564 110 572

34 67 82
110 136 120 151

100 21 251
111 483 115 488

228 93 255
112 0 133 39

163 216 240
114 420 119 483

14 169 1
114 441 115 446

216 3 215
115 29 115 40

7 249 107
114 40 118 49

50 190 204
114 410 117 417

188 234 139
115 467 116 474

76 143 55
115 418 118 424

143 225 227
115 456 116 464

164 221 6
117 0 309 211

2 220 106
117 389 125 391

218 205 79
127 289 232 318

131 206 242
129 211 240 259

134 165 0
129 386 133 388

127 16 217
130 134 138 140

61 220 224
134 334 156 357

40 103 19
134 378 140 385

183 158 207
136 171 160 198

153 130 28
141 142 145 149

118 136 171
141 356 158 377

82 242 80
148 152 156 163

31 65 82
152 314 489 424

237 52 44
156 163 159 167

146 52 175
156 197 160 202

162 13 53
156 318 161 324

127 238 181
158 168 165 211

230 1 242
159 357 165 359

133 208 26
160 187 161 196

7 236 210
163 212 191 212

143 152 107
165 209 173 210

129 232 225
164 211 184 211

195 58 51
173 210 188 210

247 102 83
179 314 191 314

43 21 64
185 211 199 212

57 74 211
189 383 195 391

39 255 117
190 387 201 397

40 242 244
200 211 207 213

248 12 219
200 313 211 313

229 222 96
205 211 211 215

125 73 103
206 208 217 213

101 42 246
207 215 319 300

159 94 119
206 256 392 370

5 177 58
209 402 218 409

26 241 49
211 180 337 218

100 196 93
216 311 222 312

100 58 150
218 205 224 207

86 46 189
221 277 221 288

98 9 229
221 242 260 308

65 105 221
229 184 388 259

138 208 194
229 306 239 309

181 198 63
233 308 246 309

19 62 164
233 309 250 310

196 120 67
230 415 235 418

181 170 72
239 98 273 124

122 7 98
243 394 325 424

180 157 199
251 124 269 124

226 90 43
251 290 274 309

236 63 129
254 421 297 422

85 28 227
256 423 282 423

38 223 36
263 189 270 192

236 30 175
265 424 277 424

42 195 100
268 465 291 486

163 6 119
272 469 290 484

77 79 59
275 287 279 289

84 177 240
280 279 292 288

241 120 106
281 361 289 362

75 163 30
282 0 362 179

138 36 1
281 185 287 187

166 8 237
284 185 291 186

133 44 66
290 522 344 639

164 219 104
292 423 299 424

103 63 85
292 422 311 424

109 182 127
294 493 315 516

188 241 34
297 73 304 81

110 226 111
298 424 307 426

230 76 195
305 178 314 181

138 107 180
307 425 312 428

174 108 255
311 262 317 264

182 89 137
312 424 317 425

227 155 48
311 426 315 428

190 4 181
315 434 315 445

254 89 89
314 427 326 461

180 216 192
315 177 347 179

166 251 46
315 180 324 180

136 106 234
317 177 326 178

212 46 88
316 425 328 428

63 226 63
318 259 321 262

171 226 201
319 424 329 426

4 107 119
319 423 327 425

160 155 46
326 177 490 257

164 81 17
328 425 338 427

253 170 207
328 473 340 490

213 107 205
329 177 336 178

208 153 130
330 259 340 260

59 131 40
330 427 337 428

105 220 176
332 261 338 264

75 27 132
330 188 337 190

45 228 196
334 425 348 427

153 91 111
334 261 339 263

52 137 116
339 424 348 424

133 154 20
338 426 359 639

48 106 184
340 346 412 366

155 55 181
341 580 342 586

52 185 138
341 587 341 603

183 225 91
341 607 342 615

147 145 150
341 540 342 549

174 22 255
341 586 342 606

146 218 74
342 620 343 627

238 73 120
342 553 343 559

119 189 17
342 632 344 636

18 209 69
343 560 345 569

124 137 203
342 569 344 575

179 62 251
344 623 344 633

109 201 150
347 427 348 433

78 36 202
346 479 347 487

224 186 129
348 175 353 178

246 185 21
348 190 362 191

208 3 195
348 425 364 427

25 123 86
349 441 350 447

215 140 68
349 424 366 424

168 210 187
351 166 353 176

50 157 205
351 175 366 177

112 152 73
351 213 362 218

57 46 253
351 407 411 422

93 248 106
353 163 355 175

23 121 184
354 150 355 160

208 142 152
355 408 490 639

212 82 142
354 430 355 440

79 168 94
356 130 357 143

220 236 120
355 0 383 177

174 167 79
356 561 356 570

75 117 247
357 81 357 90

227 190 41
357 99 358 111

17 187 154
356 116 357 131

9 37 211
357 133 357 142

130 222 49
356 545 357 556

17 118 72
357 560 357 570

99 5 25
357 72 358 90

11 99 237
358 584 359 589

247 219 60
358 603 358 613

158 42 24
359 9 360 28

19 34 198
359 366 371 366

210 75 17
358 514 359 524

141 229 244
360 0 361 9

179 185 5
359 29 361 36

145 234 14
360 351 364 353

7 50 145
362 40 363 49

12 75 162
362 426 371 426

112 56 5
363 350 372 351

75 117 16
364 253 490 356

118 141 7
364 352 377 352

152 84 165
365 424 382 425

227 101 185
368 110 368 125

201 90 139
368 0 490 195

130 95 24
368 407 386 407

108 110 203
371 37 371 47

158 255 92
370 56 371 67

234 161 100
371 145 371 163

34 166 112
372 256 379 259

151 182 224
378 252 385 255

37 189 44
381 420 392 423

121 98 162
382 348 391 350

222 27 58
383 178 392 179

56 166 29
386 250 391 253

152 191 230
384 272 389 277

6 138 104
392 305 393 311

5 231 212
392 252 403 253

166 75 115
391 419 402 420

76 187 93
399 408 410 408

2 156 127
404 252 413 253

191 200 23
403 420 415 420

33 106 60
402 421 412 421

61 164 181
405 347 412 350

227 193 147
407 595 407 610

162 168 204
408 588 432 624

45 16 100
412 131 431 164

20 229 106
414 251 421 252

95 88 111
428 190 443 190

26 181 21
429 191 447 191

182 52 97
434 355 445 355

126 75 99
435 0 456 32

232 135 34
436 413 444 415

140 60 67
438 256 449 256

78 208 128
442 356 455 356

246 156 100
443 192 455 192

6 0 6
444 37 473 58

235 106 51
445 357 490 389

67 217 71
451 356 485 359

248 238 166
451 411 457 412

45 79 193
457 356 470 356

120 178 119
455 410 466 410

0 212 246
458 194 471 194

60 23 222
460 386 467 387

12 152 107
462 256 474 256

168 252 185
464 355 476 355

168 2 175
466 545 476 557

18 54 181
468 386 481 386

235 125 161
468 387 483 387

217 36 228
468 409 477 409

40 229 221
472 130 490 199

218 92 10
475 66 490 83

174 82 130
479 352 490 362

198 49 130
483 291 489 302

94 156 191
485 387 490 409

90 85 203
486 247 490 258

92 4 116
489 0 489 65

146 185 28
489 82 489 118

16 90 47
489 120 489 134

52 63 26
489 201 490 246

25 28 244
488 289 489 295

117 38 28
489 325 489 341

200 168 247
489 425 489 509

249 43 165
489 526 489 572

149 234 107
490 0 490 65

234 181 201
489 82 490 119

238 41 35
490 119 490 135

167 70 128
489 137 490 195

2 117 18
490 201 490 228

65 143 34
489 287 490 303

93 131 86
489 308 490 351

131 160 111
490 365 490 386

43 151 229
490 425 490 509

86 60 173
490 526 490 573

64 168 166
490 580 490 639


52
1 2 3 4 5 6 7 8 9 10 11 12 13 14 15 16 17 22 30 32 36 44 53 110 113 133 144 170 173 187 193 197 224 230 243 244 245 247 248 249 252 257 258 259 260 261 262 263 264 265 266 267 

267
1 2
2  16  
2 2
1  16  
3 1
16  
4 1
16  
5 1
16  
6 2
7  16  
7 2
6  16  
8 1
16  
9 1
16  
10 1
16  
11 1
16  
12 2
16  18  
13 1
16  
14 1
16  
15 1
16  
16 28
1  2  3  4  5  6  7  8  9  10  11  12  13  14  15  17  18  19  22  25  27  33  34  35  39  42  44  48  
17 1
16  
18 2
12  16  
19 6
16  20  21  23  28  34  
20 4
19  21  34  56  
21 8
19  20  23  55  56  84  90  91  
22 19
16  24  26  28  29  30  31  36  37  38  40  41  43  45  46  49  50  51  52  
23 5
19  21  24  28  55  
24 11
22  23  28  30  54  55  57  59  60  63  65  
25 2
16  32  
26 3
22  29  30  
27 2
16  34  
28 4
19  22  23  24  
29 4
22  26  30  37  
30 45
22  24  26  29  31  36  37  38  40  43  45  49  51  54  57  60  63  65  70  78  79  86  96  101  102  104  105  106  113  114  116  118  120  123  124  125  129  134  135  138  141  144  157  158  162  
31 4
22  30  36  41  
32 8
25  34  39  44  47  48  53  58  
33 2
16  34  
34 18
16  19  20  27  32  33  35  39  42  53  56  58  61  62  64  66  67  69  
35 2
16  34  
36 4
22  30  31  41  
37 4
22  29  30  43  
38 2
22  30  
39 4
16  32  34  42  
40 2
22  30  
41 3
22  31  36  
42 3
16  34  39  
43 4
22  30  37  45  
44 3
16  32  47  
45 7
22  30  43  46  50  51  52  
46 2
22  45  
47 2
32  44  
48 2
16  32  
49 2
22  30  
50 2
22  45  
51 3
22  30  45  
52 2
22  45  
53 22
32  34  58  62  64  66  69  73  75  77  80  83  87  89  97  99  103  110  111  112  117  119  
54 2
24  30  
55 10
21  23  24  65  76  81  85  88  91  93  
56 9
20  21  34  69  72  77  80  82  84  
57 2
24  30  
58 3
32  34  53  
59 2
24  65  
60 2
24  30  
61 4
34  67  69  71  
62 2
34  53  
63 3
24  30  65  
64 3
34  53  66  
65 42
24  30  55  59  63  68  70  76  78  79  81  85  86  96  98  101  109  131  132  134  143  145  163  167  170  185  193  195  198  211  212  214  223  225  227  230  232  234  236  241  242  247  
66 3
34  53  64  
67 3
34  61  69  
68 1
65  
69 7
34  53  56  61  67  71  74  
70 2
30  65  
71 2
61  69  
72 3
56  74  77  
73 3
53  74  75  
74 4
69  72  73  75  
75 4
53  73  74  77  
76 2
55  65  
77 4
53  56  72  75  
78 3
30  65  79  
79 3
30  65  78  
80 4
53  56  82  83  
81 3
55  65  85  
82 5
56  80  83  84  87  
83 4
53  80  82  87  
84 12
21  56  82  85  87  91  92  100  107  108  121  130  
85 24
55  65  81  84  88  92  93  95  100  107  108  109  121  130  137  139  142  145  189  192  193  202  208  209  
86 2
30  65  
87 13
53  82  83  84  89  92  103  111  112  119  126  127  133  
88 2
55  85  
89 2
53  87  
90 2
21  91  
91 8
21  55  84  90  93  94  95  100  
92 12
84  85  87  130  133  137  140  160  166  202  203  207  
93 4
55  85  91  94  
94 3
91  93  95  
95 3
85  91  94  
96 2
30  65  
97 2
53  99  
98 5
65  101  115  122  132  
99 2
53  97  
100 3
84  85  91  
101 5
30  65  98  102  115  
102 3
30  101  104  
103 2
53  87  
104 2
30  102  
105 2
30  106  
106 2
30  105  
107 3
84  85  108  
108 3
84  85  107  
109 2
65  85  
110 21
53  117  119  126  128  133  136  159  164  168  169  172  173  175  176  177  181  184  187  188  190  
111 3
53  87  112  
112 3
53  87  111  
113 13
30  144  146  147  148  149  150  151  152  153  154  155  156  
114 3
30  115  118  
115 5
98  101  114  118  120  
116 1
30  
117 2
53  110  
118 4
30  114  115  120  
119 3
53  87  110  
120 5
30  115  118  122  123  
121 2
84  85  
122 4
98  120  123  129  
123 4
30  120  122  125  
124 2
30  125  
125 4
30  123  124  129  
126 6
87  110  127  128  133  136  
127 2
87  126  
128 2
110  126  
129 4
30  122  125  131  
130 3
84  85  92  
131 4
65  129  132  134  
132 3
65  98  131  
133 25
87  92  110  126  140  159  160  165  166  173  193  197  206  207  210  213  220  222  226  228  235  237  243  248  252  
134 5
30  65  131  138  141  
135 1
30  
136 2
110  126  
137 3
85  92  142  
138 3
30  134  141  
139 2
85  142  
140 2
92  133  
141 6
30  134  138  143  157  161  
142 3
85  137  139  
143 2
65  141  
144 23
30  113  146  148  149  150  152  153  154  155  156  157  158  161  162  170  171  174  179  180  182  183  186  
145 8
65  85  185  189  193  194  205  216  
146 3
113  144  150  
147 2
113  150  
148 2
113  144  
149 2
113  144  
150 4
113  144  146  147  
151 2
113  156  
152 2
113  144  
153 3
113  144  156  
154 3
113  144  155  
155 3
113  144  154  
156 4
113  144  151  153  
157 3
30  141  144  
158 2
30  144  
159 3
110  133  165  
160 2
92  133  
161 5
141  144  163  170  191  
162 2
30  144  
163 3
65  161  195  
164 3
110  165  168  
165 5
133  159  164  168  173  
166 2
92  133  
167 5
65  198  204  211  212  
168 4
110  164  165  173  
169 2
110  173  
170 28
65  144  161  171  179  180  182  183  186  191  195  204  211  214  215  217  218  225  232  234  239  242  247  255  256  265  266  267  
171 2
144  170  
172 4
110  173  177  178  
173 19
110  133  165  168  169  172  176  177  178  181  184  187  188  190  196  197  199  200  201  
174 2
144  180  
175 2
110  181  
176 2
110  173  
177 3
110  172  173  
178 2
172  173  
179 2
144  170  
180 3
144  170  174  
181 3
110  173  175  
182 2
144  170  
183 2
144  170  
184 2
110  173  
185 2
65  145  
186 2
144  170  
187 2
110  173  
188 2
110  173  
189 4
85  145  192  194  
190 2
110  173  
191 3
161  170  195  
192 4
85  189  193  194  
193 30
65  85  133  145  192  194  202  203  205  207  208  209  210  213  216  220  223  226  227  231  233  237  238  245  246  248  253  254  262  263  
194 4
145  189  192  193  
195 5
65  163  170  191  204  
196 2
173  197  
197 20
133  173  196  199  200  201  206  219  221  222  224  228  229  235  243  244  249  250  251  258  
198 2
65  167  
199 2
173  197  
200 2
173  197  
201 2
173  197  
202 4
85  92  193  203  
203 3
92  193  202  
204 4
167  170  195  211  
205 2
145  193  
206 2
133  197  
207 3
92  133  193  
208 2
85  193  
209 2
85  193  
210 2
133  193  
211 4
65  167  170  204  
212 2
65  167  
213 2
133  193  
214 3
65  170  215  
215 2
170  214  
216 2
145  193  
217 2
170  218  
218 2
170  217  
219 1
197  
220 2
133  193  
221 2
197  222  
222 4
133  197  221  228  
223 3
65  193  227  
224 1
197  
225 2
65  170  
226 2
133  193  
227 5
65  193  223  230  231  
228 3
133  197  222  
229 1
197  
230 8
65  227  231  236  240  241  245  264  
231 6
193  227  230  233  238  245  
232 3
65  170  234  
233 3
193  231  238  
234 3
65  170  232  
235 2
133  197  
236 2
65  230  
237 2
133  193  
238 3
193  231  233  
239 1
170  
240 2
230  241  
241 3
65  230  240  
242 2
65  170  
243 4
133  197  259  260  
244 1
197  
245 3
193  230  231  
246 3
193  253  262  
247 2
65  170  
248 2
133  193  
249 2
197  257  
250 2
197  258  
251 2
197  259  
252 2
133  261  
253 3
193  246  262  
254 2
193  263  
255 2
170  265  
256 2
170  266  
257 1
249  
258 2
197  250  
259 2
243  251  
260 1
243  
261 1
252  
262 3
193  246  253  
263 2
193  254  
264 1
230  
265 2
170  255  
266 2
170  256  
267 1
170  

0
