49
164 224 194
0 0 2 1496

150 244 108
1 0 376 1496

52 27 229
83 1424 124 1471

160 143 100
85 292 418 879

115 107 105
91 251 772 1155

82 72 14
120 883 205 966

23 80 222
123 1428 164 1496

128 147 35
134 1388 211 1496

1 203 99
158 1114 208 1249

130 68 121
158 1039 573 1496

98 6 35
182 1222 230 1310

86 114 200
190 1329 241 1400

114 87 94
194 940 229 971

1 187 146
211 955 291 1043

108 36 50
260 1028 321 1067

180 51 166
267 1063 280 1145

4 17 248
270 950 305 1009

151 52 15
325 1051 631 1162

99 152 143
328 404 354 445

167 17 144
356 0 708 332

173 52 19
373 509 418 541

31 252 117
402 180 441 252

118 90 204
410 614 459 630

50 237 62
435 450 466 509

86 31 63
456 389 503 434

137 197 171
460 714 535 776

155 190 96
464 1457 494 1496

207 205 100
470 339 508 377

103 93 252
482 1437 589 1496

120 237 95
534 202 563 293

173 0 6
553 770 898 1496

169 118 179
561 1071 585 1100

4 66 210
608 233 677 306

241 128 72
629 1124 698 1152

16 191 122
653 275 780 712

214 106 209
669 1104 707 1134

148 202 90
672 0 898 725

97 47 245
677 1080 728 1125

190 43 197
702 1078 735 1105

172 138 44
715 772 793 1088

172 144 165
719 705 761 767

34 67 82
730 699 908 798

100 21 251
795 64 807 168

228 93 255
865 0 898 238

163 216 240
869 783 909 1496

14 169 1
883 0 909 764

216 3 215
899 0 1012 1496

7 249 107
980 29 1012 96

50 190 204
1012 0 1013 1496


15
1 2 7 8 10 20 27 29 31 37 44 45 46 47 49 

49
1 1
2  
2 15
1  3  4  5  6  7  8  9  10  11  13  14  15  16  20  
3 1
2  
4 3
2  5  20  
5 28
2  4  6  10  13  14  15  17  18  19  20  21  23  24  25  26  28  30  32  33  34  35  36  38  39  40  41  42  
6 2
2  5  
7 2
2  8  
8 3
2  7  10  
9 3
2  10  11  
10 12
2  5  8  9  11  12  15  16  18  27  29  31  
11 3
2  9  10  
12 1
10  
13 3
2  5  14  
14 5
2  5  13  15  17  
15 5
2  5  10  14  16  
16 3
2  10  15  
17 2
5  14  
18 4
5  10  31  34  
19 1
5  
20 8
2  4  5  22  30  33  35  37  
21 1
5  
22 1
20  
23 1
5  
24 1
5  
25 1
5  
26 1
5  
27 2
10  29  
28 1
5  
29 3
10  27  31  
30 2
5  20  
31 10
10  18  29  34  36  38  39  40  42  45  
32 1
5  
33 3
5  20  35  
34 4
5  18  31  36  
35 5
5  20  33  37  42  
36 4
5  31  34  38  
37 6
20  35  42  43  44  46  
38 4
5  31  36  39  
39 4
5  31  38  40  
40 4
5  31  39  42  
41 2
5  42  
42 9
5  31  35  37  40  41  45  46  47  
43 1
37  
44 2
37  46  
45 3
31  42  47  
46 4
37  42  44  47  
47 5
42  45  46  48  49  
48 1
47  
49 1
47  

0
