49
164 224 194
0 0 1 999

150 244 108
2 0 2 999

52 27 229
3 0 507 999

160 143 100
49 462 92 668

115 107 105
52 379 455 842

82 72 14
161 202 179 330

23 80 222
163 45 627 462

128 147 35
178 330 264 422

1 203 99
191 64 578 345

130 68 121
199 223 217 239

98 6 35
216 640 353 766

86 114 200
250 210 271 234

114 87 94
253 237 387 375

1 187 146
302 774 352 805

108 36 50
312 783 336 798

180 51 166
314 94 328 107

4 17 248
342 721 482 926

151 52 15
355 188 407 224

99 152 143
356 902 428 926

167 17 144
359 45 420 54

173 52 19
371 202 442 237

31 252 117
374 234 394 371

118 90 204
387 406 674 836

50 237 62
389 217 593 369

86 31 63
404 35 475 45

137 197 171
406 660 454 806

155 190 96
412 0 631 58

207 205 100
423 38 482 43

103 93 252
423 854 491 920

120 237 95
423 146 597 226

173 0 6
433 455 452 494

169 118 179
435 622 462 660

4 66 210
436 615 537 663

241 128 72
442 662 579 806

16 191 122
444 462 589 624

214 106 209
455 638 636 750

148 202 90
457 0 725 999

97 47 245
460 516 641 637

190 43 197
480 779 617 983

172 138 44
497 40 561 77

172 144 165
535 635 628 641

34 67 82
543 367 647 490

100 21 251
569 344 617 388

228 93 255
583 543 603 562

163 216 240
598 745 631 822

14 169 1
621 165 630 290

216 3 215
726 0 726 999

7 249 107
727 0 727 999

50 190 204
728 0 729 999


8
1 2 3 27 37 47 48 49 

49
1 1
2  
2 2
1  3  
3 14
2  4  5  6  7  8  17  19  20  25  27  28  29  37  
4 2
3  5  
5 13
3  4  7  8  11  14  15  17  26  31  32  33  35  
6 3
3  7  8  
7 19
3  5  6  8  9  13  20  22  23  24  25  27  30  31  37  40  42  43  46  
8 4
3  5  6  7  
9 9
7  10  12  13  16  18  21  22  30  
10 1
9  
11 1
5  
12 1
9  
13 3
7  9  22  
14 2
5  15  
15 2
5  14  
16 1
9  
17 7
3  5  19  23  26  29  39  
18 2
9  21  
19 3
3  17  29  
20 3
3  7  25  
21 5
9  18  22  24  30  
22 5
7  9  13  21  24  
23 12
7  17  26  31  34  35  36  37  38  39  42  45  
24 4
7  21  22  30  
25 5
3  7  20  27  28  
26 5
5  17  23  33  34  
27 6
3  7  25  28  37  40  
28 3
3  25  27  
29 5
3  17  19  37  39  
30 4
7  9  21  24  
31 4
5  7  23  35  
32 2
5  33  
33 8
5  26  32  34  35  36  38  41  
34 4
23  26  33  36  
35 5
5  23  31  33  38  
36 5
23  33  34  38  41  
37 12
3  7  23  27  29  39  40  42  43  45  46  47  
38 6
23  33  35  36  41  44  
39 5
17  23  29  37  45  
40 3
7  27  37  
41 3
33  36  38  
42 4
7  23  37  43  
43 3
7  37  42  
44 1
38  
45 3
23  37  39  
46 2
7  37  
47 2
37  48  
48 2
47  49  
49 1
48  

0
