49
164 224 194
0 0 3 999

150 244 108
3 0 727 999

52 27 229
48 391 164 802

160 143 100
52 379 419 842

115 107 105
125 451 225 592

82 72 14
161 166 199 278

23 80 222
162 45 630 419

128 147 35
162 271 271 424

1 203 99
190 246 289 338

130 68 121
192 155 366 300

98 6 35
216 644 384 766

86 114 200
218 63 584 220

114 87 94
237 223 413 371

1 187 146
250 210 271 234

108 36 50
253 238 386 375

180 51 166
262 397 458 461

4 17 248
271 429 455 728

151 52 15
302 773 352 805

99 152 143
341 768 371 801

167 17 144
343 719 488 925

173 52 19
354 187 431 239

31 252 117
363 750 399 795

118 90 204
365 725 416 767

50 237 62
386 410 674 836

86 31 63
389 217 591 369

137 197 171
405 43 497 50

155 190 96
406 624 486 805

207 205 100
426 145 596 219

103 93 252
435 455 452 494

120 237 95
437 612 458 659

173 0 6
442 662 581 806

169 118 179
445 462 589 629

4 66 210
454 348 597 423

241 128 72
455 638 500 665

16 191 122
460 516 640 637

214 106 209
465 637 636 743

148 202 90
483 779 617 983

97 47 245
510 634 636 641

190 43 197
528 406 619 476

172 138 44
543 307 670 564

172 144 165
550 213 595 255

34 67 82
551 183 597 217

100 21 251
557 70 714 979

228 93 255
598 750 627 809

163 216 240
610 718 660 897

14 169 1
611 443 642 496

216 3 215
725 374 725 999

7 249 107
726 374 726 999

50 190 204
725 0 729 999


5
1 2 47 48 49 

49
1 1
2  
2 12
1  3  4  6  7  8  20  26  37  43  47  49  
3 2
2  4  
4 11
2  3  5  8  11  16  17  18  19  20  23  
5 1
4  
6 3
2  7  8  
7 17
2  6  8  9  10  12  13  15  16  25  26  28  33  40  41  42  43  
8 5
2  4  6  7  16  
9 3
7  10  13  
10 6
7  9  12  13  14  21  
11 1
4  
12 5
7  10  21  25  28  
13 6
7  9  10  15  21  25  
14 1
10  
15 2
7  13  
16 6
4  7  8  17  24  33  
17 9
4  16  20  23  24  27  29  30  32  
18 2
4  19  
19 3
4  18  22  
20 8
2  4  17  22  23  24  27  37  
21 4
10  12  13  25  
22 3
19  20  23  
23 4
4  17  20  22  
24 18
16  17  20  27  29  31  32  33  35  36  37  38  39  40  43  44  45  46  
25 6
7  12  13  21  28  41  
26 2
2  7  
27 9
17  20  24  30  31  32  34  35  36  
28 5
7  12  25  41  42  
29 3
17  24  32  
30 3
17  27  32  
31 3
24  27  36  
32 6
17  24  27  29  30  35  
33 5
7  16  24  39  40  
34 2
27  36  
35 5
24  27  32  36  38  
36 6
24  27  31  34  35  38  
37 6
2  20  24  43  44  45  
38 3
24  35  36  
39 4
24  33  40  46  
40 6
7  24  33  39  43  46  
41 4
7  25  28  42  
42 3
7  28  41  
43 6
2  7  24  37  40  45  
44 3
24  37  45  
45 4
24  37  43  44  
46 3
24  39  40  
47 2
2  48  
48 2
47  49  
49 2
2  48  

0
