49
164 224 194
0 0 0 639

150 244 108
1 0 132 639

52 27 229
60 191 118 332

160 143 100
66 201 133 300

115 107 105
69 230 97 303

82 72 14
87 215 221 310

23 80 222
95 326 139 639

128 147 35
101 306 127 329

1 203 99
100 314 160 389

130 68 121
103 0 151 133

98 6 35
103 359 340 639

86 114 200
105 134 164 214

114 87 94
113 399 136 420

1 187 146
116 0 311 213

108 36 50
125 289 237 322

180 51 166
127 211 249 259

4 17 248
133 334 155 357

151 52 15
136 171 164 202

99 152 143
152 312 489 424

167 17 144
208 253 393 371

173 52 19
209 200 246 217

31 252 117
218 242 260 308

118 90 204
227 184 388 260

50 237 62
237 98 271 125

86 31 63
238 223 319 301

137 197 171
241 180 325 207

155 190 96
242 395 328 425

207 205 100
268 425 351 516

103 93 252
282 0 366 180

120 237 95
290 522 344 639

173 0 6
291 123 344 160

169 118 179
294 490 314 518

4 66 210
319 177 490 258

241 128 72
337 425 360 639

16 191 122
343 346 413 367

214 106 209
350 407 411 422

148 202 90
354 0 374 177

97 47 245
355 408 489 639

190 43 197
356 559 374 639

172 138 44
363 253 490 359

172 144 165
368 0 490 195

34 67 82
407 589 432 626

100 21 251
412 131 431 164

228 93 255
419 565 489 605

163 216 240
435 0 456 31

14 169 1
444 37 473 58

216 3 215
445 355 490 389

7 249 107
473 130 490 199

50 190 204
488 388 490 639


19
1 2 7 10 11 14 29 30 33 34 37 38 39 40 41 45 47 48 49 

49
1 1
2  
2 5
1  3  7  10  12  
3 8
2  4  5  6  7  8  9  12  
4 5
3  5  6  12  16  
5 3
3  4  6  
6 7
3  4  5  8  15  16  22  
7 5
2  3  9  11  13  
8 4
3  6  9  15  
9 7
3  7  8  11  15  17  19  
10 3
2  12  14  
11 9
7  9  13  19  27  28  30  32  34  
12 7
2  3  4  10  14  16  18  
13 2
7  11  
14 8
10  12  16  18  21  24  26  29  
15 6
6  8  9  19  20  22  
16 8
4  6  12  14  21  22  23  25  
17 2
9  19  
18 2
12  14  
19 14
9  11  15  17  20  27  28  34  35  36  38  40  47  49  
20 7
15  19  22  23  25  35  40  
21 4
14  16  23  26  
22 5
6  15  16  20  25  
23 7
16  20  21  25  26  33  40  
24 1
14  
25 4
16  20  22  23  
26 5
14  21  23  29  33  
27 3
11  19  28  
28 5
11  19  27  32  34  
29 5
14  26  31  33  37  
30 2
11  34  
31 1
29  
32 2
11  28  
33 7
23  26  29  37  40  41  48  
34 6
11  19  28  30  38  39  
35 3
19  20  40  
36 1
19  
37 3
29  33  41  
38 6
19  34  39  42  44  49  
39 2
34  38  
40 6
19  20  23  33  35  47  
41 6
33  37  43  45  46  48  
42 2
38  44  
43 1
41  
44 3
38  42  49  
45 1
41  
46 1
41  
47 3
19  40  49  
48 2
33  41  
49 4
19  38  44  47  

0
