49
164 224 194
0 0 3 999

150 244 108
2 0 725 999

52 27 229
3 0 3 515

160 143 100
3 660 3 999

115 107 105
45 506 151 797

82 72 14
48 379 442 842

23 80 222
84 414 131 469

128 147 35
132 320 211 413

1 203 99
132 463 223 592

130 68 121
158 193 178 319

98 6 35
163 45 629 459

86 114 200
178 134 225 193

114 87 94
189 64 594 372

1 187 146
211 829 319 843

108 36 50
217 649 340 765

180 51 166
250 211 269 233

4 17 248
252 238 386 375

151 52 15
301 773 355 806

99 152 143
339 847 352 927

167 17 144
340 409 482 462

173 52 19
341 719 481 925

31 252 117
354 187 431 239

118 90 204
356 758 389 794

50 237 62
361 458 455 612

86 31 63
381 707 429 763

137 197 171
386 409 673 836

155 190 96
389 220 592 368

207 205 100
407 462 635 805

103 93 252
435 455 451 494

120 237 95
440 607 462 648

173 0 6
443 663 580 806

169 118 179
455 641 500 665

4 66 210
460 517 640 636

241 128 72
461 639 636 743

16 191 122
477 370 583 413

214 106 209
480 779 617 983

148 202 90
483 48 726 999

97 47 245
491 407 598 450

190 43 197
503 697 550 729

172 138 44
550 183 596 215

172 144 165
562 374 652 509

34 67 82
592 153 630 357

100 21 251
592 982 622 999

228 93 255
613 449 640 496

163 216 240
616 655 727 999

14 169 1
650 515 674 655

216 3 215
726 0 726 440

7 249 107
726 0 729 999

50 190 204
728 665 728 999


10
1 2 3 4 37 43 45 47 48 49 

49
1 3
2  3  4  
2 16
1  3  4  5  6  7  8  10  11  12  14  19  21  36  37  47  
3 2
1  2  
4 2
1  2  
5 2
2  6  
6 16
2  5  7  8  9  11  14  15  18  20  21  23  24  25  28  30  
7 2
2  6  
8 3
2  6  11  
9 1
6  
10 3
2  11  12  
11 13
2  6  8  10  12  13  17  20  27  35  37  40  42  
12 3
2  10  11  
13 6
11  16  17  22  27  40  
14 2
2  6  
15 1
6  
16 1
13  
17 2
11  13  
18 1
6  
19 2
2  21  
20 6
6  11  24  26  29  35  
21 8
2  6  19  23  25  26  28  36  
22 2
13  27  
23 3
6  21  25  
24 5
6  20  28  29  30  
25 4
6  21  23  28  
26 14
20  21  28  29  31  33  34  35  36  37  38  41  44  46  
27 3
11  13  22  
28 11
6  21  24  25  26  29  30  31  32  33  34  
29 4
20  24  26  28  
30 3
6  24  28  
31 4
26  28  34  39  
32 2
28  34  
33 2
26  28  
34 5
26  28  31  32  39  
35 5
11  20  26  37  38  
36 4
2  21  26  37  
37 12
2  11  26  35  36  38  41  42  43  45  46  48  
38 4
26  35  37  41  
39 2
31  34  
40 2
11  13  
41 4
26  37  38  44  
42 2
11  37  
43 2
37  45  
44 2
26  41  
45 4
37  43  48  49  
46 2
26  37  
47 2
2  48  
48 4
37  45  47  49  
49 2
45  48  

0
