12
164 224 194
0 0 599 382

150 244 108
1 199 182 381

52 27 229
30 38 189 197

160 143 100
131 139 242 251

115 107 105
184 192 306 314

82 72 14
191 88 294 191

23 80 222
247 256 360 368

128 147 35
277 1 443 167

1 203 99
307 168 447 309

130 68 121
394 117 498 222

98 6 35
445 63 553 171

86 114 200
449 172 598 322


1
1 

12
1 10
2  3  4  5  6  7  8  9  11  12  
2 2
1  4  
3 2
1  4  
4 5
1  2  3  5  6  
5 3
1  4  7  
6 2
1  4  
7 3
1  5  9  
8 2
1  10  
9 3
1  7  10  
10 4
8  9  11  12  
11 2
1  10  
12 2
1  10  

9
1 3 4 2
2 4 5 1
1 6 4 3
6 1 5 4
5 1 9 7
8 10 9 1
1 11 10 8
10 12 1 9
11 1 12 10
