49
164 224 194
0 0 699 699

150 244 108
123 305 124 340

52 27 229
125 294 130 305

160 143 100
125 269 252 429

115 107 105
124 341 132 359

82 72 14
129 274 142 291

23 80 222
143 257 159 274

128 147 35
146 378 159 390

1 203 99
153 465 153 506

130 68 121
154 463 158 530

98 6 35
155 464 155 502

86 114 200
155 435 158 462

114 87 94
156 349 363 634

1 187 146
157 252 219 377

108 36 50
159 518 164 550

180 51 166
162 401 177 426

4 17 248
165 551 179 574

151 52 15
169 135 207 264

99 152 143
176 242 202 269

167 17 144
179 257 193 273

173 52 19
178 265 265 364

31 252 117
191 167 193 227

118 90 204
192 222 233 273

50 237 62
193 169 193 215

86 31 63
194 48 514 345

137 197 171
194 588 244 621

155 190 96
199 100 216 137

207 205 100
213 361 227 373

103 93 252
216 76 236 99

120 237 95
242 104 564 648

173 0 6
244 56 269 70

169 118 179
244 622 265 628

4 66 210
250 520 316 588

241 128 72
262 323 504 652

16 191 122
270 46 400 58

214 106 209
279 625 371 639

148 202 90
288 403 409 490

97 47 245
296 634 335 635

190 43 197
305 45 350 46

172 138 44
322 481 349 535

172 144 165
362 309 411 310

34 67 82
363 482 399 521

100 21 251
368 524 391 554

228 93 255
400 60 423 69

163 216 240
400 643 424 650

14 169 1
426 651 447 654

216 3 215
448 649 466 653

7 249 107
515 187 515 222

50 190 204
565 471 565 511


1
1 

49
1 33
2  3  4  5  6  7  8  9  10  12  13  14  15  16  17  18  22  25  26  27  29  30  31  32  34  35  36  39  44  45  46  47  49  
2 2
1  4  
3 2
1  4  
4 10
1  2  3  5  6  7  8  13  14  16  
5 2
1  4  
6 2
1  4  
7 3
1  4  14  
8 2
1  4  
9 2
1  10  
10 5
1  9  11  13  15  
11 2
10  13  
12 2
1  13  
13 18
1  4  10  11  12  15  16  17  21  26  28  30  32  33  34  36  37  38  
14 8
1  4  7  18  19  20  21  28  
15 3
1  10  13  
16 3
1  4  13  
17 2
1  13  
18 8
1  14  19  22  23  24  25  27  
19 4
14  18  20  23  
20 4
14  19  21  23  
21 7
13  14  20  23  25  28  30  
22 2
1  18  
23 5
18  19  20  21  25  
24 2
18  25  
25 13
1  18  21  23  24  27  29  30  31  35  41  44  48  
26 2
1  13  
27 3
1  18  25  
28 3
13  14  21  
29 2
1  25  
30 9
1  13  21  25  34  41  47  48  49  
31 2
1  25  
32 2
1  13  
33 2
13  34  
34 12
1  13  30  33  36  37  40  42  43  45  46  47  
35 3
1  25  39  
36 4
1  13  34  38  
37 3
13  34  42  
38 2
13  36  
39 2
1  35  
40 1
34  
41 2
25  30  
42 2
34  37  
43 1
34  
44 2
1  25  
45 2
1  34  
46 2
1  34  
47 3
1  30  34  
48 2
25  30  
49 2
1  30  

0
