299
164 224 194
0 0 153 688

150 244 108
0 0 239 1004

52 27 229
0 770 205 1492

160 143 100
0 927 179 1496

115 107 105
68 596 161 654

82 72 14
80 942 292 1496

23 80 222
82 1363 226 1496

128 147 35
99 775 183 877

1 203 99
105 698 226 760

130 68 121
117 671 246 743

98 6 35
118 568 241 621

86 114 200
119 648 230 724

114 87 94
123 624 241 706

1 187 146
129 556 205 591

108 36 50
131 852 222 909

180 51 166
140 788 216 835

4 17 248
143 602 296 707

151 52 15
146 544 220 590

99 152 143
148 902 219 961

167 17 144
150 624 221 671

173 52 19
150 765 213 811

31 252 117
152 831 226 880

118 90 204
154 1103 194 1382

50 237 62
156 395 240 467

86 31 63
158 1023 439 1359

137 197 171
158 897 241 949

155 190 96
161 1129 202 1313

207 205 100
162 0 320 458

103 93 252
165 1136 195 1213

120 237 95
171 504 295 568

173 0 6
173 462 267 522

169 118 179
174 591 277 645

4 66 210
176 426 314 513

241 128 72
178 1078 432 1496

16 191 122
182 816 288 877

214 106 209
182 1190 312 1442

148 202 90
183 743 286 830

97 47 245
183 1235 300 1425

190 43 197
184 388 296 444

172 138 44
186 1258 291 1413

172 144 165
186 488 274 538

34 67 82
190 1329 241 1400

100 21 251
189 617 296 659

228 93 255
194 557 271 606

163 216 240
193 874 306 948

14 169 1
201 792 291 875

216 3 215
206 664 298 714

7 249 107
207 632 319 702

50 190 204
209 689 281 733

188 234 139
210 960 266 1014

76 143 55
213 441 282 485

143 225 227
219 855 299 917

164 221 6
220 1028 249 1204

2 220 106
223 551 361 636

218 205 79
234 349 334 428

131 206 242
233 726 311 764

134 165 0
235 601 305 648

127 16 217
235 957 306 997

61 220 224
242 488 337 558

40 103 19
244 858 325 924

183 158 207
245 0 367 359

153 130 28
246 769 313 825

118 136 171
246 895 328 952

82 242 80
251 990 307 1038

31 65 82
257 397 357 451

237 52 44
261 745 313 793

146 52 175
265 334 341 408

162 13 53
265 1343 355 1496

127 238 181
268 524 335 575

230 1 242
268 697 390 866

133 208 26
270 696 324 743

7 236 210
273 944 396 990

143 152 107
274 435 361 491

129 232 225
273 456 357 505

195 58 51
279 1395 330 1496

247 102 83
280 646 371 718

43 21 64
285 838 407 894

57 74 211
287 609 373 674

39 255 117
285 987 412 1042

40 242 244
291 951 395 1005

248 12 219
293 407 374 452

229 222 96
296 577 383 630

125 73 103
299 1015 419 1097

101 42 246
302 1104 390 1375

159 94 119
303 319 416 386

5 177 58
303 501 372 558

26 241 49
304 1147 415 1496

100 196 93
311 884 383 963

100 58 150
315 214 377 331

86 46 189
315 492 444 568

98 9 229
315 442 403 482

65 105 221
314 671 417 735

138 208 194
318 338 381 383

181 198 63
321 558 395 615

19 62 164
322 367 449 435

196 120 67
326 387 402 438

181 170 72
328 906 381 959

122 7 98
339 877 414 915

180 157 199
340 536 383 588

226 90 43
345 323 478 393

236 63 129
349 793 450 865

85 28 227
352 0 391 213

38 223 36
352 909 410 952

236 30 175
354 617 461 693

42 195 100
355 651 488 727

163 6 119
356 834 477 914

77 79 59
357 468 484 537

84 177 240
357 734 444 780

241 120 106
359 142 395 330

75 163 30
360 1153 443 1496

138 36 1
362 214 447 351

166 8 237
364 994 433 1044

133 44 66
368 1039 449 1094

164 219 104
368 424 480 485

103 63 85
371 91 501 353

109 182 127
372 0 423 72

188 241 34
373 0 426 166

110 226 111
373 542 497 666

230 76 195
372 701 459 762

138 107 180
375 781 462 827

174 108 255
381 942 564 1035

182 89 137
381 754 465 804

227 155 48
380 976 452 1018

190 4 181
383 726 455 768

254 89 89
395 13 527 332

180 216 192
394 444 504 506

166 251 46
400 91 448 255

136 106 234
401 372 504 427

212 46 88
401 911 458 952

63 226 63
403 938 500 993

171 226 201
407 888 475 928

4 107 119
410 349 519 381

160 155 46
407 1033 538 1095

164 81 17
413 0 512 176

253 170 207
413 1117 473 1157

213 107 205
415 1084 508 1137

208 153 130
419 1125 531 1496

59 131 40
420 282 509 346

105 220 176
422 632 564 695

75 27 132
424 1006 535 1070

45 228 196
429 531 507 576

153 91 111
430 713 507 773

52 137 116
431 675 496 720

133 154 20
431 825 483 883

48 106 184
436 418 575 529

155 55 181
440 207 525 309

52 185 138
444 752 600 887

183 225 91
446 0 516 197

147 145 150
447 219 551 343

174 22 255
448 580 508 630

146 218 74
449 860 591 997

238 73 120
455 526 530 571

119 189 17
459 1144 555 1496

18 209 69
462 413 543 452

124 137 203
463 712 553 765

179 62 251
464 374 545 401

109 201 150
468 944 574 1003

78 36 202
473 565 550 607

224 186 129
473 678 600 751

246 185 21
474 499 568 546

208 3 195
476 1081 585 1148

25 123 86
479 732 555 789

215 140 68
477 1064 551 1120

168 210 187
478 340 550 385

50 157 205
482 623 540 680

112 152 73
483 286 562 333

57 46 253
487 385 609 432

93 248 106
486 405 573 454

23 121 184
492 0 633 219

208 142 152
494 898 577 949

212 82 142
493 1113 565 1165

79 168 94
493 324 610 396

220 236 120
495 966 571 1016

174 167 79
491 1021 605 1130

75 117 247
497 158 548 278

227 190 41
501 621 606 707

17 187 154
502 879 576 918

9 37 211
502 587 591 651

130 222 49
502 443 598 507

17 118 72
509 524 572 573

99 5 25
514 74 541 194

11 99 237
519 688 595 736

247 219 60
523 851 591 888

158 42 24
525 1089 608 1138

19 34 198
527 163 570 292

210 75 17
531 304 617 352

141 229 244
533 1250 582 1496

179 185 5
534 874 642 939

145 234 14
535 1012 580 1072

7 50 145
540 377 609 426

12 75 162
542 742 650 899

112 56 5
545 537 640 599

75 117 16
541 576 603 620

118 141 7
546 0 676 329

152 84 165
546 219 593 313

227 101 185
548 687 608 728

201 90 139
547 328 683 388

130 95 24
549 908 610 946

108 110 203
551 1156 591 1496

158 255 92
556 1145 628 1496

234 161 100
557 29 624 214

34 166 112
556 468 625 538

151 182 224
558 928 671 996

37 189 44
560 427 654 490

121 98 162
563 973 641 1063

222 27 58
563 1020 707 1136

56 166 29
563 1042 638 1111

152 191 230
565 1149 630 1496

6 138 104
567 1145 634 1496

5 231 212
568 524 684 583

166 75 115
573 613 685 690

76 187 93
579 869 670 939

2 156 127
580 1086 669 1134

191 200 23
580 1073 772 1496

33 106 60
584 386 679 463

61 164 181
586 724 648 771

227 193 147
590 303 681 343

162 168 204
589 759 722 838

45 16 100
593 479 734 547

20 229 106
594 591 707 662

95 88 111
595 431 656 470

26 181 21
597 0 732 322

182 52 97
598 203 683 297

126 75 99
599 687 690 742

232 135 34
601 1110 673 1147

140 60 67
603 1133 683 1396

78 208 128
603 370 691 411

246 156 100
604 569 692 600

6 0 6
605 230 685 296

235 106 51
609 495 710 550

67 217 71
612 927 686 989

248 238 166
613 993 736 1098

45 79 193
617 327 756 383

120 178 119
621 528 696 574

0 212 246
626 668 701 725

60 23 222
627 245 716 316

12 152 107
625 801 717 866

168 252 185
630 397 738 439

168 2 175
631 828 732 893

18 54 181
640 745 712 790

235 125 161
642 884 768 948

217 36 228
640 727 706 766

40 229 221
650 455 719 509

218 92 10
655 989 737 1061

174 82 130
658 932 745 994

198 49 130
661 984 739 1044

94 156 191
669 0 707 234

90 85 203
669 421 736 467

92 4 116
673 0 706 226

146 185 28
675 309 736 346

16 90 47
677 367 765 411

52 63 26
677 539 747 612

25 28 244
680 599 797 826

117 38 28
686 808 783 882

200 168 247
688 486 759 550

249 43 165
691 0 727 282

149 234 107
696 427 758 494

234 181 201
703 0 828 725

238 41 35
702 920 772 984

167 70 128
709 58 744 272

2 117 18
714 571 761 626

65 143 34
717 857 778 936

93 131 86
723 820 773 873

131 160 111
725 1104 785 1496

43 151 229
729 1103 789 1496

86 60 173
728 981 761 1135

64 168 166
730 975 846 1496

246 113 59
733 711 908 800

31 149 37
736 991 766 1229

101 21 19
739 531 771 617

218 39 186
749 650 797 719

106 74 188
754 0 812 424

237 160 253
755 770 845 1361

141 16 90
759 0 861 725

36 245 221
761 0 908 726

97 162 9
762 871 794 1170

9 72 95
778 460 812 646

122 131 160
787 41 808 178

15 168 150
787 1383 812 1496

36 187 181
791 774 875 1481

76 117 27
819 0 898 580

150 50 245
823 550 855 688

54 47 95
833 774 916 1496

70 138 77
837 1191 881 1496

59 103 218
842 780 882 1204

221 112 255
847 0 908 668

37 208 96
856 749 911 836

168 112 105
868 0 899 324

80 6 227
896 862 914 1230

11 187 243
897 1063 904 1472

129 214 23
899 1136 915 1496

179 204 99
900 0 927 464

226 43 249
902 0 1013 410

108 120 48
902 1010 1013 1496

212 83 118
902 333 933 456

68 82 178
905 305 1013 1381

20 178 143
912 212 971 309

132 27 181
911 989 961 1066

138 254 93
972 400 1013 461


51
1 2 3 4 6 7 28 34 61 68 75 87 102 110 116 117 134 137 148 153 169 187 194 199 200 208 209 214 222 247 249 256 258 264 265 267 272 274 275 279 281 283 284 286 288 291 292 293 294 296 299 

299
1 1
2  
2 21
1  3  5  8  9  10  11  12  14  16  17  18  21  24  28  30  31  37  41  44  54  
3 7
2  4  6  8  15  19  26  
4 2
3  6  
5 5
2  12  13  17  20  
6 14
3  4  7  19  23  25  26  45  50  53  58  63  64  72  
7 3
6  23  34  
8 5
2  3  15  16  22  
9 3
2  10  37  
10 6
2  9  12  37  49  56  
11 7
2  14  17  18  32  44  57  
12 5
2  5  10  13  49  
13 5
5  12  20  47  49  
14 3
2  11  18  
15 5
3  8  22  26  45  
16 6
2  8  21  22  35  46  
17 9
2  5  11  20  32  43  47  48  71  
18 4
2  11  14  44  
19 4
3  6  26  45  
20 4
5  13  17  47  
21 4
2  16  37  46  
22 6
8  15  16  35  45  52  
23 5
6  7  25  27  34  
24 5
2  28  31  33  51  
25 10
6  23  27  29  34  53  64  83  135  136  
26 5
3  6  15  19  45  
27 3
23  25  29  
28 9
2  24  39  51  55  61  65  73  74  
29 2
25  27  
30 4
2  41  54  69  
31 5
2  24  33  41  59  
32 4
11  17  43  57  
33 6
24  31  51  59  74  86  
34 11
7  23  25  36  38  68  84  87  110  135  137  
35 5
16  22  46  52  60  
36 3
34  38  40  
37 9
2  9  10  21  46  56  62  66  70  
38 3
34  36  40  
39 3
28  65  73  
40 3
36  38  42  
41 5
2  30  31  59  69  
42 1
40  
43 5
17  32  48  57  76  
44 5
2  11  18  54  57  
45 8
6  15  19  22  26  52  60  63  
46 7
16  21  35  37  60  70  77  
47 5
13  17  20  49  71  
48 5
17  43  70  71  76  
49 6
10  12  13  47  56  71  
50 3
6  58  64  
51 4
24  28  33  74  
52 4
22  35  45  60  
53 2
6  25  
54 9
2  30  44  57  69  78  82  94  104  
55 5
28  61  65  67  81  
56 6
10  37  49  66  70  71  
57 7
11  32  43  44  54  76  78  
58 5
6  50  64  72  79  
59 6
31  33  41  69  86  94  
60 7
35  45  46  52  63  77  88  
61 7
28  55  67  85  89  93  102  
62 3
37  66  70  
63 5
6  45  60  72  88  
64 6
6  25  50  58  79  83  
65 6
28  39  55  73  81  91  
66 4
37  56  62  70  
67 6
55  61  81  93  95  96  
68 4
34  75  84  87  
69 5
30  41  54  59  94  
70 16
37  46  48  56  62  66  71  76  77  92  101  106  108  120  122  124  
71 6
17  47  48  49  56  70  
72 8
6  58  63  79  80  88  121  123  
73 6
28  39  65  74  91  107  
74 7
28  33  51  73  86  90  107  
75 1
68  
76 7
43  48  57  70  78  92  105  
77 7
46  60  70  88  98  106  131  
78 5
54  57  76  104  105  
79 7
58  64  72  80  83  112  133  
80 4
72  79  112  123  
81 6
55  65  67  91  96  114  
82 4
54  94  104  118  
83 6
25  64  79  113  133  136  
84 3
34  68  87  
85 5
61  93  95  100  128  
86 6
33  59  74  90  94  99  
87 4
34  68  84  110  
88 8
60  63  72  77  97  98  103  121  
89 3
61  100  111  
90 6
74  86  99  107  118  141  
91 6
65  73  81  107  114  126  
92 5
70  76  105  119  124  
93 4
61  67  85  95  
94 7
54  59  69  82  86  99  118  
95 7
67  85  93  96  114  128  145  
96 4
67  81  95  114  
97 3
88  103  121  
98 5
77  88  103  129  131  
99 4
86  90  94  118  
100 6
85  89  111  128  132  156  
101 4
70  106  120  144  
102 5
61  109  115  116  117  
103 6
88  97  98  121  129  130  
104 7
54  78  82  105  118  139  143  
105 8
76  78  92  104  119  142  143  155  
106 6
70  77  101  131  144  151  
107 8
73  74  90  91  126  141  152  160  
108 4
70  122  124  147  
109 3
102  111  115  
110 3
34  87  137  
111 5
89  100  109  115  132  
112 5
79  80  123  133  140  
113 3
83  133  136  
114 6
81  91  95  96  126  145  
115 8
102  109  111  117  125  132  138  164  
116 2
102  117  
117 5
102  115  116  125  134  
118 10
82  90  94  99  104  139  141  150  158  165  
119 5
92  105  124  142  147  
120 5
70  101  122  144  147  
121 12
72  88  97  103  123  130  140  157  173  174  189  205  
122 4
70  108  120  147  
123 5
72  80  112  121  140  
124 5
70  92  108  119  147  
125 9
115  117  127  134  138  146  149  172  175  
126 5
91  107  114  145  160  
127 1
125  
128 8
85  95  100  145  154  156  167  168  
129 5
98  103  130  131  151  
130 5
103  121  129  151  157  
131 5
77  98  106  129  151  
132 5
100  111  115  156  164  
133 10
79  83  112  113  136  140  161  163  174  184  
134 4
117  125  148  175  
135 4
25  34  136  137  
136 8
25  83  113  133  135  137  161  171  
137 6
34  110  135  136  153  171  
138 4
115  125  164  172  
139 8
104  118  143  159  165  176  182  196  
140 5
112  121  123  133  174  
141 5
90  107  118  152  158  
142 5
105  119  147  155  162  
143 5
104  105  139  155  159  
144 5
101  106  120  147  151  
145 8
95  114  126  128  154  160  179  202  
146 3
125  149  175  
147 13
108  119  120  122  124  142  144  151  162  177  183  188  191  
148 3
134  169  175  
149 9
125  146  166  172  175  185  186  195  197  
150 5
118  158  165  176  178  
151 11
106  129  130  131  144  147  157  170  177  203  205  
152 5
107  141  158  160  180  
153 4
137  171  187  199  
154 4
128  145  168  179  
155 6
105  142  143  159  162  191  
156 6
100  128  132  164  167  190  
157 5
121  130  151  173  205  
158 8
118  141  150  152  178  180  192  193  
159 6
139  143  155  182  191  216  
160 6
107  126  145  152  180  202  
161 8
133  136  163  171  184  200  209  214  
162 4
142  147  155  191  
163 3
133  161  184  
164 6
115  132  138  156  172  190  
165 4
118  139  150  176  
166 4
149  186  195  197  
167 6
128  156  168  190  204  215  
168 5
128  154  167  179  204  
169 6
148  175  181  185  194  201  
170 4
151  177  198  203  
171 6
136  137  153  161  199  200  
172 8
125  138  149  164  190  197  215  227  
173 4
121  157  189  205  
174 8
121  133  140  184  189  207  213  225  
175 7
125  134  146  148  149  169  185  
176 7
139  150  165  178  196  211  224  
177 5
147  151  170  188  198  
178 5
150  158  176  193  211  
179 5
145  154  168  202  204  
180 6
152  158  160  192  202  210  
181 1
169  
182 4
139  159  196  216  
183 4
147  188  191  212  
184 7
133  161  163  174  213  214  225  
185 5
149  169  175  194  195  
186 7
149  166  194  195  197  217  233  
187 2
153  199  
188 7
147  177  183  198  203  212  231  
189 6
121  173  174  205  206  207  
190 5
156  164  167  172  215  
191 11
147  155  159  162  183  212  216  218  237  239  241  
192 6
158  180  193  210  220  228  
193 5
158  178  192  211  220  
194 10
169  185  186  195  201  217  222  223  229  236  
195 5
149  166  185  186  194  
196 5
139  176  182  216  224  
197 7
149  166  172  186  227  233  251  
198 4
170  177  188  203  
199 4
153  171  187  200  
200 4
161  171  199  208  
201 2
169  194  
202 8
145  160  179  180  204  210  219  230  
203 9
151  170  188  198  205  231  232  244  246  
204 8
167  168  179  202  215  219  221  243  
205 9
121  151  157  173  189  203  206  207  232  
206 7
189  205  207  213  214  225  232  
207 5
174  189  205  206  213  
208 2
200  209  
209 3
161  208  214  
210 7
180  192  202  228  230  234  252  
211 7
176  178  193  220  224  235  253  
212 6
183  188  191  231  241  245  
213 5
174  184  206  207  225  
214 10
161  184  206  209  225  226  232  264  265  266  
215 9
167  172  190  204  221  227  238  243  248  
216 8
159  182  191  196  218  224  240  242  
217 5
186  194  233  236  250  
218 6
191  216  237  240  253  254  
219 6
202  204  230  243  252  255  
220 6
192  193  211  228  252  253  
221 3
204  215  243  
222 8
194  223  229  236  247  250  256  258  
223 3
194  222  229  
224 7
176  196  211  216  235  242  253  
225 6
174  184  206  213  214  226  
226 2
214  225  
227 5
172  197  215  238  251  
228 4
192  210  220  252  
229 4
194  222  223  236  
230 5
202  210  219  234  252  
231 5
188  203  212  245  246  
232 6
203  205  206  214  244  266  
233 6
186  197  217  250  251  258  
234 3
210  230  252  
235 3
211  224  253  
236 5
194  217  222  229  250  
237 4
191  218  239  254  
238 5
215  227  248  251  258  
239 5
191  237  241  254  262  
240 4
216  218  242  253  
241 7
191  212  239  245  259  262  276  
242 4
216  224  240  253  
243 7
204  215  219  221  248  255  257  
244 4
203  232  246  266  
245 6
212  231  241  246  259  266  
246 5
203  231  244  245  266  
247 3
222  249  256  
248 5
215  238  243  257  258  
249 2
247  256  
250 5
217  222  233  236  258  
251 5
197  227  233  238  258  
252 10
210  219  220  228  230  234  253  255  261  270  
253 14
211  218  220  224  235  240  242  252  254  258  261  268  271  273  
254 7
218  237  239  253  262  263  273  
255 6
219  243  252  257  258  270  
256 4
222  247  249  258  
257 4
243  248  255  258  
258 18
222  233  238  248  250  251  253  255  256  257  260  261  268  270  271  272  274  277  
259 5
241  245  266  267  276  
260 1
258  
261 4
252  253  258  270  
262 6
239  241  254  263  273  276  
263 3
254  262  273  
264 2
214  265  
265 4
214  264  266  267  
266 9
214  232  244  245  246  259  265  267  269  
267 9
259  265  266  269  273  276  279  280  284  
268 9
253  258  271  273  274  275  283  287  296  
269 2
266  267  
270 4
252  255  258  261  
271 3
253  258  268  
272 2
258  274  
273 8
253  254  262  263  267  268  276  280  
274 6
258  268  272  275  277  282  
275 7
268  274  278  281  282  286  296  
276 5
241  259  262  267  273  
277 2
258  274  
278 1
275  
279 1
267  
280 5
267  273  283  284  285  
281 2
275  286  
282 2
274  275  
283 9
268  280  284  285  287  289  290  291  296  
284 4
267  280  283  285  
285 3
280  283  284  
286 5
275  281  288  292  296  
287 3
268  283  296  
288 2
286  292  
289 6
283  290  291  294  296  298  
290 3
283  289  291  
291 4
283  289  290  294  
292 5
286  288  293  295  296  
293 5
292  295  296  297  299  
294 4
289  291  296  298  
295 3
292  293  296  
296 12
268  275  283  286  287  289  292  293  294  295  298  299  
297 1
293  
298 3
289  294  296  
299 2
293  296  

0
