19
164 224 194
0 0 1014 1018

150 244 108
102 379 280 607

52 27 229
129 352 279 486

160 143 100
215 17 892 919

115 107 105
236 231 349 352

82 72 14
235 420 340 648

23 80 222
252 304 324 378

128 147 35
253 145 340 247

1 203 99
265 281 338 338

130 68 121
303 399 857 993

98 6 35
328 657 393 716

86 114 200
382 544 407 610

114 87 94
393 453 478 586

1 187 146
417 615 723 835

108 36 50
520 57 593 81

180 51 166
754 96 830 148

4 17 248
775 909 860 989

151 52 15
792 321 822 472

99 152 143
807 534 866 634


1
1 

19
1 8
2  3  4  6  8  10  16  17  
2 4
1  3  4  6  
3 5
1  2  4  5  7  
4 16
1  2  3  5  6  7  8  9  10  12  13  14  15  16  18  19  
5 4
3  4  7  9  
6 3
1  2  4  
7 4
3  4  5  9  
8 2
1  4  
9 3
4  5  7  
10 7
1  4  11  12  13  14  17  
11 1
10  
12 3
4  10  13  
13 3
4  10  12  
14 2
4  10  
15 1
4  
16 2
1  4  
17 2
1  10  
18 1
4  
19 1
4  

0
