259
164 224 194
0 0 1 26

150 244 108
0 27 1 33

52 27 229
0 40 0 49

160 143 100
0 56 1 82

115 107 105
0 90 1 100

82 72 14
0 101 1 105

23 80 222
0 106 1 113

128 147 35
0 115 0 169

1 203 99
0 177 0 205

130 68 121
0 207 0 219

98 6 35
0 230 0 599

86 114 200
0 603 1 611

114 87 94
0 0 135 639

1 187 146
1 0 1 22

108 36 50
0 33 1 41

180 51 166
0 42 1 51

4 17 248
0 74 1 88

151 52 15
1 115 1 168

99 152 143
0 169 1 176

167 17 144
0 177 1 206

173 52 19
1 230 1 599

31 252 117
0 613 1 620

118 90 204
62 183 140 639

50 237 62
67 200 242 312

86 31 63
102 306 131 324

137 197 171
101 316 160 388

155 190 96
104 160 104 169

207 205 100
104 534 104 542

103 93 252
105 0 142 170

120 237 95
105 169 109 180

173 0 6
105 383 105 393

169 118 179
104 505 105 510

4 66 210
106 134 161 212

241 128 72
105 360 303 639

16 191 122
105 521 109 529

214 106 209
105 497 107 504

148 202 90
107 528 108 533

97 47 245
108 534 108 542

190 43 197
109 531 109 543

172 138 44
108 576 109 581

172 144 165
108 391 120 497

34 67 82
110 541 110 552

100 21 251
109 553 111 566

228 93 255
109 561 110 572

163 216 240
109 581 110 586

14 169 1
110 91 114 99

216 3 215
110 0 291 212

7 249 107
112 443 112 454

50 190 204
112 466 112 474

188 234 139
111 588 115 595

76 143 55
113 413 113 424

143 225 227
113 591 122 609

164 221 6
116 449 116 459

2 220 106
116 460 116 473

218 205 79
116 84 120 87

131 206 242
116 414 117 423

134 165 0
119 390 125 391

127 16 217
120 414 121 424

61 220 224
121 617 126 623

40 103 19
126 117 129 128

183 158 207
127 288 230 318

153 130 28
126 618 137 630

118 136 171
127 63 129 72

82 242 80
129 212 240 258

31 65 82
130 386 135 388

237 52 44
133 334 156 357

146 52 175
133 136 138 140

162 13 53
136 211 145 213

127 238 181
136 378 141 383

230 1 242
136 171 160 197

133 208 26
136 631 139 636

7 236 210
142 357 165 378

143 152 107
144 147 167 211

129 232 225
144 148 152 157

195 58 51
145 147 152 155

247 102 83
149 36 170 56

43 21 64
150 315 160 321

57 74 211
153 250 489 424

39 255 117
153 188 162 200

40 242 244
154 217 164 227

248 12 219
155 316 165 322

229 222 96
158 205 162 212

125 73 103
157 200 159 207

101 42 246
161 181 163 185

159 94 119
163 212 178 212

5 177 58
164 210 191 211

26 241 49
164 359 170 361

100 196 93
173 210 185 210

100 58 150
179 314 191 314

86 46 189
179 212 191 212

98 9 229
182 373 187 379

65 105 221
190 213 200 213

138 208 194
191 388 198 394

181 198 63
192 211 199 212

19 62 164
201 211 210 213

196 120 67
206 214 321 307

181 170 72
206 258 392 371

122 7 98
209 186 296 217

180 157 199
210 208 217 210

226 90 43
215 311 222 313

236 63 129
218 205 222 207

85 28 227
221 265 221 280

38 223 36
221 242 258 308

236 30 175
222 204 226 206

42 195 100
229 184 386 260

163 6 119
233 232 251 241

77 79 59
240 308 246 309

84 177 240
241 197 247 199

241 120 106
243 394 328 425

75 163 30
251 193 256 195

138 36 1
254 422 274 422

166 8 237
258 423 271 423

133 44 66
258 424 270 424

164 219 104
259 261 259 282

103 63 85
263 454 315 519

109 182 127
263 187 279 192

188 241 34
267 423 352 639

110 226 111
269 448 274 455

230 76 195
270 528 312 580

138 107 180
272 424 285 425

174 108 255
272 434 272 447

182 89 137
272 425 275 430

227 155 48
272 426 303 451

190 4 181
272 499 276 504

254 89 89
273 128 276 138

180 216 192
273 565 279 571

166 251 46
275 128 276 136

136 106 234
274 426 284 431

212 46 88
274 120 277 124

63 226 63
275 0 352 183

171 226 201
276 422 289 422

4 107 119
277 506 281 511

160 155 46
278 533 287 539

164 81 17
280 152 283 159

253 170 207
282 522 295 534

213 107 205
281 535 286 538

208 153 130
284 185 291 186

59 131 40
284 60 285 64

105 220 176
286 27 287 33

75 27 132
287 183 296 185

45 228 196
286 524 291 528

153 91 111
288 170 289 178

52 137 116
288 6 289 13

133 154 20
289 171 290 179

48 106 184
290 422 306 423

155 55 181
290 422 303 423

52 185 138
294 182 302 184

183 225 91
296 185 299 188

147 145 150
296 526 338 639

174 22 255
298 185 304 187

146 218 74
298 582 303 588

238 73 120
299 427 307 446

119 189 17
301 183 306 186

18 209 69
301 628 303 634

124 137 203
301 588 302 599

179 62 251
302 599 303 619

109 201 150
302 605 302 614

78 36 202
301 634 303 639

224 186 129
303 589 303 598

246 185 21
302 620 303 625

208 3 195
304 181 328 186

25 123 86
307 179 315 181

215 140 68
313 526 323 526

168 210 187
318 176 367 179

50 157 205
316 180 326 180

112 152 73
321 259 327 261

57 46 253
322 178 336 178

93 248 106
326 178 489 256

23 121 184
327 180 337 180

208 142 152
330 260 338 260

212 82 142
333 261 341 264

79 168 94
333 425 341 425

220 236 120
337 544 338 553

174 167 79
337 574 337 598

75 117 247
337 600 337 620

227 190 41
337 621 337 639

17 187 154
338 346 413 366

9 37 211
340 407 490 639

130 222 49
342 555 342 573

17 118 72
346 481 346 491

99 5 25
348 430 348 453

11 99 237
349 142 349 169

247 219 60
348 190 357 190

158 42 24
350 130 350 141

19 34 198
349 0 359 176

210 75 17
349 424 363 424

141 229 244
350 425 360 425

179 185 5
352 14 352 34

145 234 14
352 41 352 50

7 50 145
352 73 352 84

12 75 162
351 88 352 112

112 56 5
351 215 356 218

75 117 16
351 407 411 421

118 141 7
353 174 360 175

152 84 165
353 175 361 176

227 101 185
355 0 490 198

201 90 139
356 19 356 38

130 95 24
356 41 358 49

108 110 203
356 91 358 97

158 255 92
358 98 358 106

234 161 100
358 127 359 167

34 166 112
361 426 369 426

151 182 224
364 424 375 424

37 189 44
364 425 373 425

121 98 162
363 193 369 199

222 27 58
368 177 380 177

56 166 29
368 178 386 178

152 191 230
368 367 376 367

6 138 104
372 351 384 351

5 231 212
376 423 382 424

166 75 115
377 239 382 244

76 187 93
376 277 382 279

2 156 127
374 422 382 422

191 200 23
383 420 390 423

33 106 60
385 178 392 179

61 164 181
386 248 388 252

227 193 147
392 305 393 311

162 168 204
394 419 402 420

45 16 100
396 419 412 419

20 229 106
403 420 415 420

95 88 111
405 421 413 421

26 181 21
413 419 421 419

182 52 97
416 568 490 602

126 75 99
428 190 447 191

232 135 34
429 191 439 191

140 60 67
434 192 455 192

78 208 128
437 413 444 414

246 156 100
447 411 457 412

6 0 6
453 193 461 193

235 106 51
464 256 472 256

67 217 71
472 354 490 359

248 238 166
473 66 490 83

45 79 193
474 355 483 355

120 178 119
483 288 490 302

0 212 246
486 247 490 288

60 23 222
486 360 490 408

12 152 107
489 0 489 65

168 252 185
489 82 489 92

168 2 175
489 95 489 111

18 54 181
489 120 490 195

235 125 161
488 194 490 200

217 36 228
489 261 489 285

40 229 221
489 303 489 348

218 92 10
488 303 490 353

174 82 130
488 363 489 403

198 49 130
489 410 489 430

94 156 191
489 432 489 450

90 85 203
489 451 489 480

92 4 116
488 488 489 577

146 185 28
489 596 489 639

16 90 47
490 0 490 65

52 63 26
490 67 490 80

25 28 244
490 82 490 94

117 38 28
489 95 490 119

200 168 247
490 119 490 193

249 43 165
490 201 490 246

149 234 107
489 409 490 480

234 181 201
489 487 490 578

238 41 35
489 591 490 639


52
1 2 3 4 5 6 7 8 9 10 11 12 13 14 15 16 17 19 20 22 23 29 34 47 117 130 149 158 176 178 185 196 223 231 232 234 235 236 237 240 241 244 250 251 252 253 254 255 256 257 258 259 

259
1 2
13  14  
2 2
13  15  
3 2
15  16  
4 2
13  17  
5 1
13  
6 1
13  
7 1
13  
8 2
18  19  
9 1
20  
10 1
13  
11 2
13  21  
12 1
13  
13 29
1  2  4  5  6  7  10  11  12  14  15  16  17  18  19  20  21  22  23  27  28  29  30  31  33  48  49  51  59  
14 2
1  13  
15 3
2  3  13  
16 2
3  13  
17 2
4  13  
18 2
8  13  
19 2
8  13  
20 2
9  13  
21 2
11  13  
22 1
13  
23 32
13  24  25  26  28  31  32  33  34  35  36  37  38  39  40  41  42  43  44  45  48  49  50  51  52  53  54  56  57  59  62  71  
24 10
23  25  33  61  64  68  97  102  103  106  
25 4
23  24  26  61  
26 11
23  25  34  61  65  66  69  72  77  78  81  
27 2
13  29  
28 2
13  23  
29 9
13  27  30  33  46  47  55  60  63  
30 3
13  29  33  
31 2
13  23  
32 2
23  34  
33 15
13  23  24  29  30  47  64  67  68  70  73  74  79  82  83  
34 50
23  26  32  35  36  39  40  41  42  43  44  45  50  52  57  58  62  65  69  71  72  78  87  91  93  111  112  113  115  117  118  119  120  121  122  123  124  126  132  133  135  141  149  151  154  155  156  157  158  160  
35 3
23  34  37  
36 2
23  34  
37 3
23  35  39  
38 2
23  39  
39 5
23  34  37  38  42  
40 3
23  34  45  
41 6
23  34  53  54  56  58  
42 3
23  34  39  
43 3
23  34  44  
44 3
23  34  43  
45 3
23  34  40  
46 2
29  47  
47 33
29  33  46  55  60  63  67  73  75  76  86  88  94  95  98  99  101  104  108  110  116  125  127  129  130  134  137  138  139  140  142  143  144  
48 2
13  23  
49 2
13  23  
50 3
23  34  52  
51 2
13  23  
52 3
23  34  50  
53 2
23  41  
54 2
23  41  
55 2
29  47  
56 2
23  41  
57 2
23  34  
58 2
34  41  
59 2
13  23  
60 2
29  47  
61 9
24  25  26  77  78  81  89  97  100  
62 2
23  34  
63 2
29  47  
64 11
24  33  68  80  82  85  90  92  95  96  106  
65 2
26  34  
66 2
26  78  
67 2
33  47  
68 3
24  33  64  
69 2
26  34  
70 4
33  73  79  84  
71 2
23  34  
72 4
26  34  78  87  
73 10
33  47  70  74  75  79  82  83  84  86  
74 3
33  73  75  
75 3
47  73  74  
76 1
47  
77 3
26  61  81  
78 45
26  34  61  66  72  81  87  89  91  93  97  105  109  111  117  131  145  168  172  177  178  186  193  203  208  209  210  212  213  216  217  219  222  227  228  230  231  233  234  235  236  242  243  244  245  
79 4
33  70  73  83  
80 1
64  
81 4
26  61  77  78  
82 4
33  64  73  83  
83 4
33  73  79  82  
84 2
70  73  
85 2
64  86  
86 5
47  73  85  88  90  
87 3
34  72  78  
88 2
47  86  
89 2
61  78  
90 3
64  86  92  
91 2
34  78  
92 3
64  90  94  
93 2
34  78  
94 2
47  92  
95 4
47  64  96  98  
96 9
64  95  97  98  103  105  106  114  166  
97 14
24  61  78  96  100  103  105  107  166  170  171  177  212  217  
98 13
47  95  96  99  101  104  105  108  110  116  137  140  148  
99 2
47  98  
100 2
61  97  
101 3
47  98  104  
102 2
24  103  
103 7
24  96  97  102  106  107  114  
104 3
47  98  101  
105 15
78  96  97  98  148  150  161  166  168  170  183  192  205  211  216  
106 4
24  64  96  103  
107 2
97  103  
108 2
47  98  
109 4
78  117  145  146  
110 2
47  98  
111 4
34  78  112  117  
112 3
34  111  113  
113 2
34  112  
114 2
96  103  
115 4
34  117  124  132  
116 2
47  98  
117 26
34  78  109  111  115  118  119  120  123  131  135  145  146  149  152  163  172  173  174  175  176  178  179  180  181  187  
118 2
34  117  
119 7
34  117  126  133  135  136  149  
120 4
34  117  122  128  
121 2
34  123  
122 4
34  120  123  128  
123 6
34  117  121  122  128  152  
124 2
34  115  
125 3
47  127  130  
126 2
34  119  
127 3
47  125  130  
128 3
120  122  123  
129 2
47  130  
130 25
47  125  127  129  134  138  139  140  142  143  144  147  153  161  162  164  165  167  182  184  185  188  189  190  191  
131 2
78  117  
132 2
34  115  
133 4
34  119  135  136  
134 2
47  130  
135 5
34  117  119  133  141  
136 2
119  133  
137 3
47  98  140  
138 2
47  130  
139 2
47  130  
140 6
47  98  130  137  147  148  
141 2
34  135  
142 3
47  130  144  
143 2
47  130  
144 3
47  130  142  
145 4
78  109  117  146  
146 3
109  117  145  
147 5
130  140  148  150  153  
148 5
98  105  140  147  150  
149 14
34  117  119  151  154  156  158  159  160  163  173  174  175  176  
150 4
105  147  148  153  
151 3
34  149  155  
152 2
117  123  
153 4
130  147  150  161  
154 3
34  149  158  
155 3
34  151  159  
156 3
34  149  157  
157 2
34  156  
158 3
34  149  154  
159 2
149  155  
160 2
34  149  
161 6
105  130  153  162  165  168  
162 2
130  161  
163 2
117  149  
164 8
130  165  167  168  169  185  195  196  
165 3
130  161  164  
166 3
96  97  105  
167 2
130  164  
168 20
78  105  161  164  169  183  192  196  205  207  211  215  216  225  226  229  230  235  241  256  
169 2
164  168  
170 3
97  105  171  
171 2
97  170  
172 2
78  117  
173 2
117  149  
174 2
117  149  
175 2
117  149  
176 2
117  149  
177 4
78  97  208  209  
178 28
78  117  179  180  181  186  187  193  202  203  204  210  214  218  220  221  222  223  227  228  236  246  247  248  249  250  257  258  
179 2
117  178  
180 2
117  178  
181 2
117  178  
182 2
130  185  
183 2
105  168  
184 2
130  185  
185 15
130  164  182  184  188  189  190  191  194  196  197  198  199  200  201  
186 3
78  178  187  
187 3
117  178  186  
188 2
130  185  
189 2
130  185  
190 2
130  185  
191 2
130  185  
192 2
105  168  
193 5
78  178  213  214  218  
194 3
185  195  196  
195 3
164  194  196  
196 25
164  168  185  194  195  197  198  199  200  201  206  207  215  224  226  229  232  237  238  239  240  241  252  253  254  
197 2
185  196  
198 2
185  196  
199 2
185  196  
200 2
185  196  
201 2
185  196  
202 2
178  204  
203 3
78  178  204  
204 3
178  202  203  
205 2
105  168  
206 2
196  207  
207 4
168  196  206  215  
208 2
78  177  
209 2
78  177  
210 3
78  178  213  
211 2
105  168  
212 2
78  97  
213 3
78  193  210  
214 2
178  193  
215 3
168  196  207  
216 3
78  105  168  
217 2
78  97  
218 3
178  193  219  
219 3
78  218  220  
220 4
178  219  221  222  
221 2
178  220  
222 3
78  178  220  
223 4
178  250  258  259  
224 3
196  225  226  
225 3
168  224  226  
226 5
168  196  224  225  229  
227 2
78  178  
228 2
78  178  
229 3
168  196  226  
230 2
78  168  
231 2
78  233  
232 2
196  252  
233 2
78  231  
234 2
78  235  
235 4
78  168  234  242  
236 3
78  178  245  
237 2
196  251  
238 2
196  253  
239 2
196  254  
240 3
196  241  255  
241 3
168  196  240  
242 2
78  235  
243 2
78  244  
244 2
78  243  
245 2
78  236  
246 2
178  257  
247 2
178  257  
248 2
178  257  
249 2
178  258  
250 3
178  223  259  
251 1
237  
252 2
196  232  
253 2
196  238  
254 2
196  239  
255 1
240  
256 1
168  
257 4
178  246  247  248  
258 3
178  223  249  
259 2
223  250  

0
