33
172 144 165
0 216 1 806

76 143 55
0 867 2 985

105 220 176
1 292 2 804

50 157 205
2 0 727 999

68 3 207
3 867 3 984

145 86 157
50 380 410 841

230 223 15
133 465 222 591

159 131 167
163 47 626 452

118 224 168
190 65 597 375

207 204 176
191 355 265 423

84 210 128
216 648 345 764

12 227 208
250 213 268 232

140 19 116
262 426 452 801

163 188 103
303 773 351 804

122 163 34
313 94 327 107

5 106 231
341 725 478 922

108 60 38
353 188 429 240

39 129 36
387 414 672 835

216 64 10
408 463 640 804

184 234 102
435 456 450 477

21 213 50
450 325 607 425

85 244 191
462 188 484 202

134 38 182
482 783 616 980

117 43 13
513 414 609 470

8 66 28
543 294 674 570

102 134 40
584 546 601 560

30 92 123
589 96 704 962

126 132 237
611 133 630 296

48 58 207
611 442 642 494

186 90 67
652 568 676 709

30 143 73
727 0 729 999

209 243 63
727 17 728 144

1 136 253
728 210 728 877


4
1 2 4 31 

33
1 3
2  3  4  
2 3
1  4  5  
3 2
1  4  
4 13
1  2  3  5  6  8  10  16  23  27  31  32  33  
5 2
2  4  
6 7
4  7  10  11  13  14  16  
7 1
6  
8 10
4  9  10  13  15  18  21  25  27  28  
9 5
8  12  15  17  22  
10 4
4  6  8  13  
11 1
6  
12 1
9  
13 8
6  8  10  14  16  18  19  20  
14 2
6  13  
15 2
8  9  
16 6
4  6  13  18  19  23  
17 1
9  
18 12
8  13  16  19  20  21  23  24  25  27  29  30  
19 4
13  16  18  26  
20 2
13  18  
21 4
8  18  24  25  
22 1
9  
23 4
4  16  18  27  
24 4
18  21  25  29  
25 8
8  18  21  24  27  28  29  30  
26 1
19  
27 7
4  8  18  23  25  28  30  
28 3
8  25  27  
29 3
18  24  25  
30 3
18  25  27  
31 3
4  32  33  
32 2
4  31  
33 2
4  31  

5
1 4 5 2
10 8 6 13
20 13 18 19
8 28 27 25
25 30 27 18
