49
164 224 194
0 0 3 1485

150 244 108
0 0 383 1496

52 27 229
84 1425 123 1471

160 143 100
84 707 122 872

115 107 105
89 249 779 1157

82 72 14
103 472 165 653

23 80 222
125 1428 163 1496

128 147 35
158 1222 194 1339

1 203 99
159 1114 207 1227

130 68 121
172 1308 201 1400

98 6 35
183 1221 230 1311

86 114 200
184 1047 573 1496

114 87 94
186 1159 209 1220

1 187 146
190 1329 240 1398

108 36 50
200 942 227 1013

180 51 166
212 955 293 1044

4 17 248
267 309 418 340

151 52 15
282 1018 324 1056

99 152 143
327 1051 505 1165

167 17 144
356 0 708 332

173 52 19
402 180 439 214

31 252 117
404 212 431 251

118 90 204
430 613 460 631

50 237 62
435 450 467 509

86 31 63
457 390 497 433

137 197 171
465 1457 494 1496

155 190 96
470 339 508 377

207 205 100
482 1437 589 1496

103 93 252
534 204 562 293

120 237 95
552 770 898 1496

173 0 6
584 726 613 748

169 118 179
608 231 676 307

4 66 210
670 1101 708 1135

241 128 72
672 0 898 725

16 191 122
675 273 789 716

214 106 209
702 1076 735 1105

148 202 90
715 773 786 1098

97 47 245
724 699 908 800

190 43 197
795 64 807 169

172 138 44
819 569 839 617

172 144 165
864 0 899 264

34 67 82
892 787 908 1039

100 21 251
893 275 905 706

228 93 255
894 1024 898 1220

163 216 240
895 1194 901 1496

14 169 1
897 0 1013 1496

216 3 215
940 0 1000 38

7 249 107
941 11 1013 96

50 190 204
983 0 1013 39


15
1 2 7 12 20 26 28 30 34 41 45 46 47 48 49 

49
1 1
2  
2 17
1  3  4  5  6  7  8  9  10  11  12  13  15  16  17  18  20  
3 1
2  
4 2
2  5  
5 23
2  4  6  12  15  16  17  18  19  20  23  24  25  27  29  30  31  32  33  35  36  37  38  
6 2
2  5  
7 1
2  
8 5
2  9  10  11  12  
9 4
2  8  11  13  
10 3
2  8  12  
11 4
2  8  9  12  
12 11
2  5  8  10  11  14  18  19  26  28  30  
13 2
2  9  
14 1
12  
15 3
2  5  16  
16 4
2  5  15  18  
17 3
2  5  20  
18 4
2  5  12  16  
19 2
5  12  
20 9
2  5  17  21  22  29  32  34  35  
21 2
20  22  
22 2
20  21  
23 1
5  
24 1
5  
25 1
5  
26 2
12  28  
27 1
5  
28 3
12  26  30  
29 2
5  20  
30 10
5  12  28  33  36  37  38  42  44  45  
31 1
5  
32 3
5  20  35  
33 2
5  30  
34 8
20  35  38  39  40  41  43  46  
35 5
5  20  32  34  38  
36 3
5  30  37  
37 4
5  30  36  38  
38 8
5  30  34  35  37  42  43  46  
39 1
34  
40 1
34  
41 2
34  46  
42 4
30  38  44  46  
43 3
34  38  46  
44 4
30  42  45  46  
45 3
30  44  46  
46 9
34  38  41  42  43  44  45  47  48  
47 3
46  48  49  
48 3
46  47  49  
49 2
47  48  

0
