357
164 224 194
0 0 452 773

150 244 108
0 755 60 875

160 143 100
0 855 56 906

82 72 14
0 871 63 941

128 147 35
0 933 60 984

130 68 121
0 979 56 1018

98 6 35
0 1019 35 1019

86 114 200
0 1004 63 1046

1 187 146
0 1036 143 1541

108 36 50
0 1072 38 1099

4 17 248
0 1139 19 1208

99 152 143
0 1210 13 1211

173 52 19
0 1175 90 1226

50 237 62
0 1338 44 1428

103 93 252
0 1452 3 1460

173 0 6
0 1462 19 1541

241 128 72
2 379 91 409

214 106 209
2 833 7 838

97 47 245
2 857 22 857

40 103 19
8 808 56 850

248 12 219
12 985 38 985

229 222 96
12 1041 38 1041

26 241 49
14 165 14 185

122 7 98
14 1490 20 1541

226 90 43
15 134 99 195

77 79 59
17 133 17 164

166 8 237
17 1145 20 1208

52 185 138
21 846 31 856

146 218 74
21 1227 75 1227

45 16 100
32 556 32 637

120 178 119
33 510 93 742

40 229 221
36 444 53 494

198 49 130
36 510 36 555

93 131 86
37 435 72 515

9 72 95
39 647 39 695

70 241 174
40 1038 63 1038

254 3 105
42 697 42 723

156 219 216
43 836 57 847

175 108 230
49 730 56 773

87 108 86
51 774 51 794

81 149 29
52 759 53 773

134 131 116
52 774 60 831

222 250 177
54 796 57 844

214 218 140
55 650 201 806

247 120 191
55 995 60 1012

91 207 132
57 961 57 981

97 152 17
58 274 968 1146

3 186 95
58 833 60 844

212 223 64
58 943 60 987

118 108 110
61 846 61 875

87 240 91
61 896 61 928

168 218 166
61 942 61 988

67 58 156
62 846 63 881

194 119 249
62 896 63 935

244 218 4
62 895 64 936

100 115 49
64 846 64 881

151 186 149
67 525 87 525

111 152 171
70 305 70 331

131 138 62
71 305 87 331

129 58 220
74 1064 81 1084

226 113 184
86 1092 90 1102

184 190 198
86 1175 91 1193

99 44 92
89 528 91 552

203 123 39
91 572 91 651

83 101 151
92 569 118 651

15 136 23
95 491 115 568

252 123 6
95 559 100 568

222 47 49
95 1111 105 1134

234 161 188
95 1515 130 1541

160 95 176
97 290 97 316

7 18 235
98 248 128 269

7 128 202
98 249 127 272

15 205 122
98 286 130 319

158 115 24
98 1373 130 1373

208 128 73
98 1374 152 1382

113 24 198
98 1514 127 1514

16 253 25
100 162 100 189

154 163 99
100 1278 118 1302

227 137 10
101 202 124 228

21 232 114
101 1269 130 1301

183 109 83
101 1440 130 1469

162 43 102
107 1136 112 1143

155 29 89
110 1467 130 1470

216 140 161
111 460 130 648

197 211 31
114 1139 260 1372

132 177 29
116 492 116 568

65 170 1
116 572 116 623

70 160 252
119 478 124 617

15 255 83
119 625 119 645

198 12 215
119 1241 122 1264

165 134 99
120 299 131 314

101 4 34
122 619 122 639

15 124 25
123 1147 146 1147

56 153 201
126 1380 195 1541

30 5 249
128 1396 131 1428

255 23 83
129 1271 131 1299

195 136 26
131 1203 131 1226

32 101 191
131 1468 135 1507

185 73 135
131 1517 131 1538

116 185 226
132 417 152 458

78 139 95
132 1373 152 1373

1 229 127
132 1379 152 1379

236 12 187
132 1440 134 1457

81 221 142
136 0 1014 1541

31 228 147
139 1191 152 1204

230 223 15
139 1285 149 1295

32 224 236
144 658 170 658

124 17 117
153 1169 195 1184

112 241 215
153 1210 236 1233

63 96 175
153 1371 198 1382

120 120 127
156 398 164 408

141 145 107
156 1383 195 1383

75 189 250
160 1209 192 1209

155 0 95
160 1272 183 1276

254 241 46
160 1277 183 1277

143 93 212
160 1370 196 1370

180 25 97
160 1389 183 1395

20 138 227
163 1188 173 1201

6 24 160
163 1271 184 1276

22 225 191
166 361 205 396

78 162 212
169 1234 233 1234

54 53 252
169 1479 195 1541

171 234 203
171 229 180 276

135 24 58
172 215 257 297

91 117 149
172 1138 192 1138

59 87 48
175 298 226 298

62 146 14
178 1098 263 1143

181 28 251
182 683 201 693

209 68 194
182 1278 192 1298

66 91 146
185 1097 205 1097

218 172 223
191 1250 214 1301

137 215 178
193 1249 205 1258

85 162 142
193 1501 193 1528

74 180 135
196 995 196 1018

233 156 44
197 982 236 1037

197 139 103
197 1141 245 1141

14 169 141
199 1020 217 1038

122 91 71
200 1221 233 1221

228 39 170
202 1206 214 1215

112 63 238
203 1092 217 1096

223 99 27
206 1260 212 1295

13 5 187
207 352 223 359

144 81 189
210 768 244 813

140 77 111
213 804 230 814

43 122 14
218 214 251 214

143 30 175
225 327 275 350

50 59 100
228 548 442 657

107 195 106
240 787 245 804

74 56 5
246 218 255 242

235 239 231
259 1116 272 1199

14 92 182
262 1111 319 1121

204 237 158
265 624 319 624

58 86 242
267 93 291 115

74 59 92
267 1178 267 1199

160 45 254
268 66 337 117

52 238 182
268 299 291 325

87 195 111
270 1150 270 1177

45 48 132
271 1113 304 1113

177 243 138
273 1117 273 1149

115 166 188
280 72 289 95

229 52 246
284 318 291 322

109 50 160
292 464 819 677

110 108 20
293 0 461 316

95 214 89
296 550 316 553

212 101 65
298 596 347 596

115 21 170
320 548 329 552

28 92 17
320 1089 378 1109

96 173 28
326 1465 334 1475

76 73 176
338 94 338 114

142 89 40
345 289 368 289

118 145 82
345 292 371 295

163 142 91
347 1443 360 1454

246 18 69
348 1437 362 1453

27 75 75
355 1094 375 1100

16 126 53
358 640 378 643

216 217 243
363 895 371 913

233 187 88
364 883 395 931

7 67 102
369 56 369 82

49 161 65
370 56 414 148

4 170 178
372 84 372 104

96 6 64
373 289 399 289

212 239 117
376 106 376 129

51 128 63
386 1061 470 1084

122 151 34
388 877 433 941

244 210 77
391 401 479 465

25 147 184
391 876 412 876

149 115 95
403 214 408 247

197 147 158
407 0 625 275

151 120 245
409 190 409 213

174 50 218
409 218 412 244

199 132 90
410 268 424 275

100 115 235
413 879 434 916

201 225 216
413 1069 449 1072

244 135 180
415 196 415 216

105 169 230
416 655 442 658

72 140 2
416 1300 445 1345

85 30 93
422 279 445 282

180 41 181
422 1063 445 1066

110 101 135
428 78 431 117

136 141 100
434 102 439 123

45 152 133
446 276 532 276

61 171 195
447 273 467 273

237 135 231
447 271 674 284

103 37 17
454 352 705 477

157 183 138
457 927 803 1065

232 222 172
466 1070 470 1077

56 240 5
466 1086 513 1541

111 38 219
471 1150 474 1190

192 242 4
477 1191 477 1224

94 140 154
477 1228 477 1252

235 79 80
478 270 501 270

189 199 87
478 1066 507 1066

64 111 196
478 1064 520 1068

51 115 127
478 1063 529 1069

58 47 63
478 1125 480 1155

58 167 235
483 1156 483 1184

217 188 3
483 1263 483 1289

10 119 91
486 1185 486 1245

59 103 219
486 1291 486 1326

80 255 108
489 1328 489 1361

232 195 109
492 1260 495 1326

66 251 63
492 1362 492 1400

16 102 94
493 0 513 48

251 126 237
495 0 495 21

120 248 213
495 1402 495 1438

139 1 143
499 1328 499 1354

48 244 159
499 1440 502 1513

169 186 6
502 1355 502 1391

133 145 182
503 476 513 477

83 110 49
505 1393 505 1435

5 40 180
505 1515 505 1541

60 220 220
506 1436 508 1482

34 86 227
508 12 508 40

146 122 94
509 273 529 273

114 156 173
511 1484 511 1528

55 62 146
515 905 523 919

228 114 16
522 1054 541 1062

44 167 232
531 473 541 474

223 71 38
531 756 708 906

69 17 209
531 904 554 904

127 229 87
533 227 533 270

44 220 183
534 279 554 279

36 130 71
536 276 560 276

141 68 238
542 162 542 182

100 136 53
543 376 551 381

49 108 1
555 1042 569 1046

48 9 253
561 279 675 281

84 199 222
564 1035 597 1044

184 119 39
566 811 578 831

81 152 171
577 864 597 864

46 32 13
583 811 612 811

197 31 77
586 1023 628 1034

146 94 8
589 464 603 465

104 105 47
592 81 597 85

161 15 179
592 361 603 363

2 214 13
595 1003 615 1003

194 94 232
599 87 603 95

81 71 69
617 282 674 282

249 55 48
621 464 636 465

69 37 100
629 988 646 994

24 32 116
629 1019 664 1019

80 81 13
629 1017 690 1021

48 108 6
629 1022 671 1022

73 86 143
632 352 646 353

118 152 212
648 351 674 351

55 35 21
648 467 661 468

158 135 74
663 469 690 469

93 175 236
666 1016 690 1016

50 56 2
676 351 696 351

249 127 217
676 352 707 359

82 252 142
679 277 742 284

209 209 126
679 578 732 682

36 29 38
681 279 705 279

104 51 199
688 282 735 282

230 146 202
692 464 723 468

165 117 54
692 1011 715 1015

173 5 75
697 373 697 412

45 22 220
698 684 757 903

123 133 52
703 426 703 449

182 221 79
706 470 718 471

186 165 218
708 700 708 739

2 218 191
709 273 764 279

24 221 101
716 575 770 617

211 187 145
719 361 726 363

138 65 233
719 1004 751 1009

221 130 155
719 1010 739 1010

239 216 210
728 368 735 375

133 121 205
731 365 745 372

139 12 12
731 469 773 469

59 94 28
731 470 800 477

223 21 14
734 566 834 580

219 209 70
740 893 757 901

52 193 154
741 865 770 903

45 90 112
744 271 809 381

198 62 188
744 276 767 276

105 114 236
747 473 764 474

189 185 11
753 1000 785 1000

97 254 204
753 927 976 1105

65 180 149
753 1003 773 1003

155 227 247
756 376 784 376

9 145 212
759 896 927 944

185 117 146
759 907 788 907

26 229 33
765 270 798 270

43 178 144
769 273 791 273

219 68 67
769 594 770 608

96 24 196
777 904 834 911

204 44 203
786 395 860 480

226 196 47
790 911 822 914

113 153 77
790 1000 813 1000

87 129 97
790 1061 792 1071

111 80 26
801 283 801 316

203 124 221
802 478 834 478

223 83 218
802 479 834 480

106 102 192
804 318 804 350

116 155 98
804 970 804 990

182 120 36
805 481 834 481

29 51 235
805 464 989 617

127 158 175
807 286 810 350

8 47 87
818 519 819 543

141 64 16
820 520 820 543

86 235 143
829 1007 847 1013

112 217 87
836 578 847 583

192 141 223
843 460 995 614

101 14 165
843 484 874 484

255 123 91
843 994 869 994

33 79 197
855 588 868 593

156 33 192
857 448 857 468

7 159 23
858 1484 1017 1541

114 228 232
861 472 912 478

6 183 43
864 644 875 661

38 196 227
870 593 894 593

48 25 183
873 594 893 596

197 103 225
879 481 902 481

233 231 162
882 1496 1017 1541

101 208 62
895 597 902 602

28 153 212
895 945 924 945

18 56 64
895 1038 924 1056

241 223 120
907 361 915 375

242 93 60
911 606 964 632

166 20 110
913 609 927 624

18 142 35
916 1007 930 1016

108 63 107
925 915 973 1049

59 148 205
928 912 952 935

89 69 130
928 915 928 941

199 212 157
932 150 943 167

118 128 143
935 618 955 618

113 31 94
936 619 954 623

121 107 29
938 749 949 786

176 75 23
944 459 970 459

59 157 72
947 609 968 630

234 90 201
949 927 952 950

222 188 85
963 584 976 601

223 72 188
969 1001 977 1069

26 97 226
971 1007 971 1040

227 249 145
972 463 990 499

185 140 90
993 544 993 571

153 221 140
1012 0 1017 1482


30
1 2 3 4 5 6 7 8 9 10 11 12 13 14 15 16 24 69 94 104 122 163 188 207 223 224 231 328 334 357 

357
1 51
2  17  23  25  26  30  31  32  33  34  35  37  39  57  58  59  63  66  70  71  72  73  77  79  84  86  91  100  111  120  123  124  126  142  145  146  149  153  155  156  160  163  169  170  178  179  180  182  187  189  199  
2 14
1  3  4  18  19  20  28  38  39  40  42  43  48  50  
3 4
2  4  19  28  
4 6
2  3  5  51  53  55  
5 7
4  6  21  46  47  49  51  
6 7
5  7  8  21  45  47  49  
7 2
6  8  
8 7
6  7  9  22  36  45  47  
9 33
8  10  11  13  14  15  16  22  24  27  29  36  47  60  61  62  68  69  74  75  76  78  80  81  82  83  85  90  94  95  97  98  99  
10 1
9  
11 3
9  12  27  
12 2
11  13  
13 5
9  12  27  29  62  
14 1
9  
15 2
9  16  
16 3
9  15  24  
17 1
1  
18 1
2  
19 2
2  3  
20 2
2  38  
21 2
5  6  
22 2
8  9  
23 2
1  25  
24 2
9  16  
25 4
1  23  26  77  
26 2
1  25  
27 3
9  11  13  
28 2
2  3  
29 2
9  13  
30 2
1  31  
31 14
1  30  33  34  35  37  39  44  57  63  64  65  66  67  
32 2
1  34  
33 2
1  31  
34 3
1  31  32  
35 2
1  31  
36 2
8  9  
37 2
1  31  
38 2
2  20  
39 5
1  2  31  41  44  
40 2
2  42  
41 3
39  42  44  
42 6
2  40  41  43  44  47  
43 3
2  42  48  
44 9
31  39  41  42  47  65  84  107  128  
45 3
6  8  47  
46 2
5  49  
47 108
5  6  8  9  42  44  45  48  49  52  53  55  56  60  61  68  82  84  85  88  92  93  100  104  107  111  120  125  127  128  130  134  135  137  140  142  143  144  146  147  148  151  152  156  158  161  162  163  164  166  167  171  175  176  177  181  183  184  185  186  192  195  197  198  201  203  204  205  236  239  240  242  245  249  250  251  255  256  258  260  264  265  269  270  271  272  274  278  281  284  288  291  294  295  298  300  301  302  304  308  311  314  315  317  325  336  341  342  
48 3
2  43  47  
49 5
5  6  46  47  52  
50 2
2  53  
51 4
4  5  54  55  
52 2
47  49  
53 4
4  47  50  56  
54 2
51  55  
55 4
4  47  51  54  
56 2
47  53  
57 2
1  31  
58 2
1  59  
59 2
1  58  
60 2
9  47  
61 2
9  47  
62 2
9  13  
63 2
1  31  
64 2
31  65  
65 8
31  44  64  66  67  84  87  89  
66 6
1  31  65  67  84  86  
67 3
31  65  66  
68 2
9  47  
69 4
9  76  94  99  
70 2
1  73  
71 2
1  72  
72 2
1  71  
73 3
1  70  91  
74 2
9  75  
75 6
9  74  94  101  102  110  
76 2
9  69  
77 2
1  25  
78 2
9  80  
79 1
1  
80 4
9  78  85  96  
81 4
9  83  94  103  
82 3
9  47  85  
83 2
9  81  
84 10
1  44  47  65  66  86  87  88  89  92  
85 31
9  47  80  82  90  93  96  97  101  104  105  106  108  109  110  113  114  115  116  118  119  121  125  127  129  131  132  136  138  139  150  
86 3
1  66  84  
87 2
65  84  
88 2
47  84  
89 2
65  84  
90 2
9  85  
91 2
1  73  
92 2
47  84  
93 2
47  85  
94 13
9  69  75  81  95  98  99  102  103  104  110  112  117  
95 2
9  94  
96 2
80  85  
97 2
9  85  
98 2
9  94  
99 3
9  69  94  
100 2
1  47  
101 2
75  85  
102 2
75  94  
103 2
81  94  
104 123
47  85  94  108  109  110  117  122  131  133  139  141  150  151  154  157  159  167  168  172  173  174  183  188  193  196  203  204  205  206  207  208  209  210  212  213  214  215  216  217  218  219  220  221  222  225  226  227  228  230  231  232  235  237  241  243  244  246  247  248  252  254  257  262  263  268  270  271  272  273  275  276  277  278  279  282  283  284  285  286  287  288  289  290  291  293  294  298  299  301  303  305  306  307  309  310  317  318  321  322  323  326  327  328  329  330  331  332  335  337  338  339  340  343  344  345  348  349  350  353  355  356  357  
105 1
85  
106 1
85  
107 2
44  47  
108 2
85  104  
109 5
85  104  113  121  138  
110 6
75  85  94  104  112  116  
111 3
1  47  120  
112 2
94  110  
113 2
85  109  
114 3
85  115  119  
115 2
85  114  
116 2
85  110  
117 2
94  104  
118 1
85  
119 2
85  114  
120 4
1  47  111  142  
121 2
85  109  
122 2
104  133  
123 2
1  124  
124 5
1  123  126  145  149  
125 2
47  85  
126 2
1  124  
127 7
47  85  130  136  140  150  151  
128 2
44  47  
129 2
85  131  
130 2
47  127  
131 5
85  104  129  132  141  
132 2
85  131  
133 2
104  122  
134 2
47  135  
135 3
47  134  137  
136 2
85  127  
137 2
47  135  
138 2
85  109  
139 2
85  104  
140 2
47  127  
141 2
104  131  
142 4
1  47  120  146  
143 3
47  144  148  
144 2
47  143  
145 2
1  124  
146 4
1  47  142  156  
147 8
47  152  162  164  165  166  175  195  
148 2
47  143  
149 2
1  124  
150 7
85  104  127  151  154  157  159  
151 5
47  104  127  150  158  
152 2
47  147  
153 2
1  155  
154 2
104  150  
155 4
1  153  160  169  
156 5
1  47  146  161  163  
157 2
104  150  
158 2
47  151  
159 2
104  150  
160 2
1  155  
161 2
47  156  
162 18
47  147  165  166  204  229  238  253  259  266  267  275  280  290  296  313  317  319  
163 16
1  47  156  170  171  181  187  188  189  190  191  194  197  199  200  201  
164 2
47  147  
165 2
147  162  
166 3
47  147  162  
167 3
47  104  174  
168 1
104  
169 2
1  155  
170 2
1  163  
171 2
47  163  
172 2
104  173  
173 2
104  172  
174 2
104  167  
175 2
47  147  
176 2
47  177  
177 3
47  176  184  
178 2
1  179  
179 4
1  178  180  182  
180 2
1  179  
181 2
47  163  
182 2
1  179  
183 6
47  104  193  198  205  206  
184 4
47  177  186  192  
185 2
47  204  
186 2
47  184  
187 2
1  163  
188 18
104  163  190  191  194  200  201  202  203  211  223  224  233  234  241  244  254  257  
189 2
1  163  
190 2
163  188  
191 2
163  188  
192 2
47  184  
193 2
104  183  
194 2
163  188  
195 2
47  147  
196 1
104  
197 2
47  163  
198 2
47  183  
199 2
1  163  
200 2
163  188  
201 4
47  163  188  203  
202 2
188  203  
203 11
47  104  188  201  202  211  234  242  243  247  258  
204 17
47  104  162  185  229  238  245  253  255  264  265  266  267  270  275  277  279  
205 20
47  104  183  212  213  237  246  248  252  256  260  261  262  268  276  285  297  298  299  315  
206 2
104  183  
207 20
104  208  209  210  215  216  217  218  219  220  221  222  225  226  227  228  230  231  232  235  
208 2
104  207  
209 2
104  207  
210 2
104  207  
211 2
188  203  
212 3
104  205  213  
213 4
104  205  212  214  
214 3
104  213  237  
215 2
104  207  
216 2
104  207  
217 2
104  207  
218 2
104  207  
219 2
104  207  
220 2
104  207  
221 2
104  207  
222 2
104  207  
223 3
188  224  233  
224 2
188  223  
225 2
104  207  
226 2
104  207  
227 2
104  207  
228 2
104  207  
229 2
162  204  
230 2
104  207  
231 2
104  207  
232 2
104  207  
233 2
188  223  
234 2
188  203  
235 2
104  207  
236 1
47  
237 3
104  205  214  
238 2
162  204  
239 6
47  240  249  250  251  278  
240 2
47  239  
241 2
104  188  
242 2
47  203  
243 2
104  203  
244 2
104  188  
245 2
47  204  
246 3
104  205  248  
247 2
104  203  
248 4
104  205  246  252  
249 2
47  239  
250 2
47  239  
251 2
47  239  
252 3
104  205  248  
253 2
162  204  
254 2
104  188  
255 2
47  204  
256 2
47  205  
257 2
104  188  
258 2
47  203  
259 1
162  
260 2
47  205  
261 2
205  262  
262 5
104  205  261  263  268  
263 2
104  262  
264 2
47  204  
265 2
47  204  
266 2
162  204  
267 2
162  204  
268 3
104  205  262  
269 2
47  270  
270 4
47  104  204  269  
271 5
47  104  273  274  282  
272 3
47  104  283  
273 2
104  271  
274 2
47  271  
275 4
104  162  204  280  
276 2
104  205  
277 2
104  204  
278 6
47  104  239  281  292  293  
279 2
104  204  
280 2
162  275  
281 2
47  278  
282 3
104  271  294  
283 4
104  272  291  305  
284 2
47  104  
285 3
104  205  286  
286 2
104  285  
287 2
104  288  
288 3
47  104  287  
289 2
104  290  
290 6
104  162  289  296  307  313  
291 4
47  104  283  317  
292 2
278  293  
293 4
104  278  292  301  
294 10
47  104  282  295  300  303  304  311  314  318  
295 2
47  294  
296 2
162  290  
297 2
205  298  
298 15
47  104  205  297  299  309  321  325  337  341  342  343  351  353  354  
299 3
104  205  298  
300 2
47  294  
301 9
47  104  293  302  306  308  336  342  344  
302 2
47  301  
303 2
104  294  
304 2
47  294  
305 2
104  283  
306 2
104  301  
307 7
104  290  312  313  317  323  327  
308 2
47  301  
309 2
104  298  
310 1
104  
311 2
47  294  
312 2
307  313  
313 5
162  290  307  312  316  
314 2
47  294  
315 2
47  205  
316 2
313  317  
317 20
47  104  162  291  307  316  319  320  322  323  324  326  331  332  333  335  339  346  347  352  
318 2
104  294  
319 3
162  317  320  
320 2
317  319  
321 2
104  298  
322 2
104  317  
323 11
104  307  317  324  329  333  349  350  352  355  356  
324 2
317  323  
325 2
47  298  
326 2
104  317  
327 2
104  307  
328 3
104  334  357  
329 2
104  323  
330 1
104  
331 3
104  317  332  
332 4
104  317  331  335  
333 2
317  323  
334 1
328  
335 3
104  317  332  
336 2
47  301  
337 2
104  298  
338 1
104  
339 5
104  317  340  347  350  
340 2
104  339  
341 2
47  298  
342 7
47  298  301  343  344  351  354  
343 3
104  298  342  
344 3
104  301  342  
345 1
104  
346 2
317  347  
347 3
317  339  346  
348 1
104  
349 2
104  323  
350 3
104  323  339  
351 2
298  342  
352 2
317  323  
353 2
104  298  
354 2
298  342  
355 2
104  323  
356 2
104  323  
357 2
104  328  

298
11 27 13 12
1 26 25 23
11 27 9 13
2 28 3 19
1 33 31 30
8 36 9 22
1 35 31 37
1 39 41 2
31 39 44 1
1 39 44 2
2 39 44 41
2 40 42 44
2 40 42 43
1 39 44 41
2 43 42 20
2 43 42 47
2 43 38 20
5 46 49 6
6 45 47 8
2 43 48 38
6 47 49 45
42 44 47 43
20 38 2 50
2 50 53 4
5 49 52 46
6 49 52 47
4 51 54 5
5 47 52 49
2 50 53 3
4 55 54 51
49 52 47 46
2 50 53 56
8 47 9 36
4 53 47 55
4 55 47 51
50 53 56 47
51 55 47 54
4 55 47 54
1 63 31 57
31 64 65 44
9 61 47 68
1 66 63 31
31 67 65 64
31 1 66 67
31 67 66 65
68 47 82 9
82 47 85 9
1 86 84 66
1 86 84 88
66 86 84 88
84 88 87 65
65 87 84 89
86 84 88 47
84 88 47 87
65 89 84 92
84 88 47 92
65 89 84 47
47 93 85 9
9 90 85 80
1 84 47 86
84 47 92 89
80 96 85 9
1 100 47 84
9 85 75 74
9 99 69 76
75 102 94 9
9 94 103 81
81 94 9 83
9 94 69 76
69 9 94 99
9 85 101 74
69 99 94 104
85 101 75 9
81 94 98 9
1 111 47 100
85 110 75 101
75 110 94 102
102 110 112 94
85 119 114 115
1 111 120 47
85 104 116 110
119 85 131 129
47 125 85 127
110 112 94 104
47 134 135 137
47 127 136 85
47 140 130 127
85 139 138 109
85 139 104 138
1 120 142 47
85 104 131 132
131 141 104 85
85 104 138 109
109 121 85 104
1 146 142 47
127 136 85 104
127 150 85 136
1 149 124 145
47 151 150 127
150 157 104 154
151 47 158 150
150 159 104 157
1 146 156 47
151 104 159 150
47 158 151 104
158 151 104 159
1 160 153 155
156 161 47 146
156 163 47 161
47 164 147 162
47 147 166 164
164 147 166 162
47 167 104 151
47 147 166 162
1 170 163 171
1 163 171 47
170 163 171 47
47 167 174 104
1 178 179 180
1 163 181 170
1 163 181 47
1 180 179 182
163 181 47 171
47 186 184 177
1 189 163 187
47 192 184 186
47 183 193 104
1 163 194 189
163 194 188 190
1 163 188 194
47 198 183 193
191 188 201 163
188 201 163 197
201 163 197 47
198 183 193 104
147 162 47 195
188 201 47 163
188 202 203 201
47 183 104 198
188 203 201 47
202 203 201 47
188 211 203 202
205 212 104 183
183 212 104 206
211 188 203 201
104 208 207 209
205 212 213 104
104 209 207 210
212 213 214 104
207 215 104 216
205 212 213 214
207 216 104 218
104 217 207 219
104 219 207 220
104 220 207 222
104 222 207 225
207 221 104 226
104 225 207 227
207 226 104 228
207 228 104 230
104 227 207 231
207 230 104 232
188 234 203 211
203 234 201 47
188 234 203 201
207 232 104 235
205 213 214 104
205 237 214 104
188 241 203 234
203 242 47 201
188 241 104 203
203 104 243 242
203 243 242 47
104 247 203 243
203 104 247 47
205 246 248 104
47 251 239 249
205 252 248 104
254 188 257 104
104 247 203 258
247 203 258 47
205 261 262 263
261 262 263 104
47 265 204 264
204 267 162 266
205 268 262 261
205 268 262 104
268 262 104 263
47 269 204 265
265 269 270 204
247 104 271 47
47 269 270 204
104 273 271 47
273 271 274 47
204 275 162 267
205 276 104 268
104 273 271 274
270 47 104 204
269 47 270 104
204 275 280 162
47 272 104 278
47 278 104 239
104 282 271 273
47 281 278 104
104 282 271 274
271 282 274 47
205 286 104 276
205 285 286 104
284 47 104 287
47 104 288 284
104 47 288 287
275 289 290 162
47 291 283 272
104 289 290 162
104 282 271 47
278 292 293 47
104 278 293 292
282 295 47 271
104 282 294 295
289 290 296 162
282 294 295 47
205 299 104 285
104 289 290 296
205 297 298 299
47 300 294 104
205 298 299 104
297 298 299 104
47 301 293 302
104 303 294 282
104 303 294 304
294 304 47 295
303 294 304 47
293 301 104 306
301 306 302 47
301 104 306 302
205 298 104 297
301 308 47 302
205 298 309 297
297 298 309 104
205 298 309 104
104 306 301 47
104 303 294 47
301 306 308 47
307 290 313 162
301 306 104 308
307 312 313 290
290 312 313 162
47 294 104 311
47 311 294 314
290 313 316 162
205 315 47 298
294 104 318 311
47 314 294 318
313 316 317 162
47 314 294 104
307 312 313 316
291 47 317 104
294 318 104 314
312 313 316 317
162 319 320 317
313 307 317 316
291 317 104 322
307 323 324 317
322 317 326 104
307 104 329 323
307 329 323 324
326 317 331 104
326 331 332 104
104 329 323 333
323 333 317 324
317 331 332 104
329 323 333 317
317 332 335 331
332 317 335 104
104 329 323 317
317 339 340 104
301 342 47 336
104 343 344 301
301 344 342 336
104 344 342 301
104 343 342 344
339 317 346 347
104 349 323 317
342 343 298 351
343 104 298 351
351 298 104 342
347 339 350 104
317 339 350 104
317 323 350 339
317 323 350 104
104 355 323 349
47 342 298 353
47 298 353 104
323 104 355 317
298 353 354 342
342 298 353 104
298 353 104 354
317 323 356 104
