19
164 224 194
0 0 244 289

150 244 108
0 18 540 848

52 27 229
0 254 1238 850

160 143 100
47 0 403 82

115 107 105
150 147 1145 737

82 72 14
255 353 389 498

23 80 222
334 0 730 134

128 147 35
393 353 459 478

1 203 99
392 458 557 565

130 68 121
443 107 688 212

98 6 35
571 25 850 180

86 114 200
621 344 826 481

114 87 94
651 20 923 148

1 187 146
699 0 1028 176

108 36 50
729 814 1076 850

180 51 166
846 303 909 417

4 17 248
1004 0 1238 231

151 52 15
1070 194 1238 279

99 152 143
1104 565 1238 794


10
1 2 3 4 7 14 15 17 18 19 

19
1 2
2  4  
2 6
1  3  4  5  7  10  
3 5
2  5  15  18  19  
4 3
1  2  7  
5 13
2  3  6  8  9  10  11  12  13  14  16  17  18  
6 1
5  
7 6
2  4  10  11  13  14  
8 2
5  9  
9 2
5  8  
10 4
2  5  7  11  
11 4
5  7  10  13  
12 1
5  
13 4
5  7  11  14  
14 4
5  7  13  17  
15 1
3  
16 1
5  
17 3
5  14  18  
18 3
3  5  17  
19 1
3  

0
