283
164 224 194
0 0 1 32

150 244 108
0 33 1 42

52 27 229
0 66 1 91

160 143 100
0 96 1 103

115 107 105
0 105 0 169

82 72 14
0 170 1 176

23 80 222
0 177 0 205

128 147 35
0 207 0 219

1 203 99
0 230 1 238

130 68 121
0 239 0 599

98 6 35
0 602 1 611

86 114 200
0 0 135 639

114 87 94
1 0 1 24

1 187 146
0 43 1 51

108 36 50
0 56 1 63

180 51 166
0 64 1 82

4 17 248
0 104 1 170

151 52 15
0 177 1 206

99 152 143
0 220 1 226

167 17 144
1 239 1 599

173 52 19
0 612 1 620

31 252 117
62 183 140 639

118 90 204
67 200 238 310

50 237 62
100 507 100 517

86 31 63
101 316 156 388

137 197 171
103 306 131 323

155 190 96
104 504 104 515

207 205 100
104 573 104 583

103 93 252
104 150 109 166

120 237 95
105 167 109 180

173 0 6
105 538 105 547

169 118 179
105 0 138 151

4 66 210
106 134 160 212

241 128 72
106 385 106 396

16 191 122
105 497 107 506

214 106 209
105 359 304 639

148 202 90
105 521 108 527

97 47 245
106 506 109 509

190 43 197
107 528 109 536

172 138 44
107 378 115 388

172 144 165
108 535 108 545

34 67 82
109 537 109 551

100 21 251
109 552 111 559

228 93 255
108 571 110 585

163 216 240
109 0 288 212

14 169 1
109 489 112 493

216 3 215
110 541 110 552

7 249 107
109 561 110 570

50 190 204
110 574 110 584

188 234 139
111 428 112 441

76 143 55
111 392 121 489

143 225 227
112 456 113 474

164 221 6
113 414 113 424

2 220 106
113 591 122 609

218 205 79
114 394 119 399

131 206 242
115 202 121 210

134 165 0
116 445 116 457

127 16 217
118 442 118 459

61 220 224
119 32 120 45

40 103 19
123 203 142 214

183 158 207
121 617 127 623

153 130 28
123 611 133 623

118 136 171
127 288 231 318

82 242 80
129 211 239 259

31 65 82
129 621 139 636

237 52 44
132 134 140 141

146 52 175
133 334 156 357

162 13 53
136 375 142 382

127 238 181
136 171 160 198

230 1 242
139 212 151 212

133 208 26
141 142 145 149

7 236 210
142 356 165 378

143 152 107
144 342 154 354

129 232 225
147 151 152 157

195 58 51
149 38 168 56

247 102 83
150 315 160 325

43 21 64
153 159 157 165

57 74 211
153 272 489 424

39 255 117
155 316 165 322

40 242 244
155 198 159 202

248 12 219
155 217 164 227

229 222 96
157 166 165 211

125 73 103
162 211 184 211

101 42 246
165 212 178 212

159 94 119
166 209 173 210

5 177 58
172 363 179 370

26 241 49
175 210 185 210

100 196 93
176 365 185 374

100 58 150
179 314 199 314

86 46 189
182 373 187 379

98 9 229
185 211 197 212

65 105 221
190 387 198 395

138 208 194
191 388 198 394

181 198 63
198 212 209 213

19 62 164
199 395 205 400

196 120 67
202 313 211 313

181 170 72
206 210 238 227

122 7 98
206 257 392 371

180 157 199
210 208 217 211

226 90 43
210 186 296 217

236 63 129
218 254 223 280

85 28 227
219 284 221 291

38 223 36
221 265 221 280

236 30 175
221 242 259 308

42 195 100
222 204 226 206

163 6 119
227 248 231 251

77 79 59
227 184 386 259

84 177 240
229 303 239 309

241 120 106
231 220 239 226

75 163 30
233 232 253 242

138 36 1
235 222 317 298

166 8 237
236 308 243 309

133 44 66
238 227 243 232

164 219 104
243 394 326 424

103 63 85
251 193 258 195

109 182 127
252 422 294 423

188 241 34
256 297 264 307

110 226 111
257 422 282 422

230 76 195
259 262 259 273

138 107 180
259 274 259 283

174 108 255
260 264 260 273

182 89 137
260 295 267 302

227 155 48
263 454 315 518

190 4 181
264 189 275 191

254 89 89
266 424 303 463

180 216 192
270 528 312 579

166 251 46
272 453 280 458

136 106 234
273 187 280 188

212 46 88
275 513 300 542

63 226 63
276 0 354 185

171 226 201
277 106 280 110

4 107 119
277 428 283 430

160 155 46
278 426 282 429

164 81 17
280 92 282 99

253 170 207
281 162 289 185

213 107 205
282 61 284 66

208 153 130
281 184 291 187

59 131 40
285 24 286 35

105 220 176
283 57 285 63

75 27 132
286 4 287 10

45 228 196
286 25 286 34

153 91 111
285 35 286 44

52 137 116
286 14 288 17

133 154 20
287 4 289 12

48 106 184
288 422 303 424

155 55 181
288 0 290 7

52 185 138
288 421 294 422

183 225 91
294 182 306 184

147 145 150
294 526 337 639

174 22 255
294 422 306 423

146 218 74
294 580 301 587

238 73 120
296 580 302 585

119 189 17
296 185 304 188

18 209 69
299 426 347 639

124 137 203
300 426 307 445

179 62 251
301 180 326 186

109 201 150
302 586 303 591

78 36 202
302 592 303 603

224 186 129
302 607 302 616

246 185 21
303 423 311 424

208 3 195
303 592 303 601

25 123 86
303 605 303 618

215 140 68
302 424 317 427

168 210 187
303 595 304 603

50 157 205
303 604 304 625

112 152 73
304 262 310 268

57 46 253
309 425 319 426

93 248 106
312 259 319 260

23 121 184
313 486 313 495

208 142 152
318 175 367 179

212 82 142
318 259 327 262

79 168 94
319 178 333 178

220 236 120
319 182 331 187

174 167 79
317 425 327 426

75 117 247
320 180 331 180

227 190 41
320 424 328 425

17 187 154
322 427 338 427

9 37 211
326 181 331 182

130 222 49
328 426 340 426

17 118 72
329 424 341 424

99 5 25
328 424 341 425

11 99 237
330 184 334 190

247 219 60
332 180 344 180

158 42 24
331 181 345 189

19 34 198
333 260 342 264

210 75 17
334 178 490 256

141 229 244
338 346 412 366

179 185 5
340 579 340 596

145 234 14
339 465 349 639

7 50 145
339 605 340 618

12 75 162
341 555 341 570

112 56 5
342 425 355 456

75 117 16
342 355 353 355

118 141 7
343 592 343 614

152 84 165
343 618 343 627

227 101 185
343 407 490 639

201 90 139
345 485 345 494

130 95 24
345 541 345 572

108 110 203
348 431 348 444

158 255 92
348 445 348 455

234 161 100
347 456 349 464

34 166 112
348 496 348 508

151 182 224
350 425 366 425

37 189 44
350 117 354 141

121 98 162
350 144 351 150

222 27 58
350 0 359 176

56 166 29
349 424 366 424

152 191 230
352 4 352 50

6 138 104
352 63 352 75

5 231 212
352 81 354 95

166 75 115
352 96 353 115

76 187 93
351 407 411 421

2 156 127
352 4 354 54

191 200 23
352 55 353 69

33 106 60
352 70 353 80

61 164 181
353 85 353 105

227 193 147
354 18 354 32

162 168 204
354 34 354 44

45 16 100
354 45 354 54

20 229 106
354 70 354 79

95 88 111
354 213 362 219

26 181 21
356 0 488 197

182 52 97
356 426 367 426

126 75 99
358 22 358 34

232 135 34
358 35 358 58

140 60 67
358 104 359 125

78 208 128
359 126 359 172

246 156 100
362 207 366 212

6 0 6
367 424 382 425

235 106 51
368 177 380 177

67 217 71
368 352 377 352

248 238 166
370 178 392 179

45 79 193
371 257 379 259

120 178 119
372 422 382 422

0 212 246
374 351 385 351

60 23 222
376 239 383 247

12 152 107
375 248 388 256

168 252 185
376 252 489 287

168 2 175
379 420 390 423

18 54 181
391 419 415 421

235 125 161
393 421 408 421

217 36 228
394 419 405 419

40 229 221
397 253 410 253

218 92 10
406 419 421 419

174 82 130
415 568 490 602

198 49 130
417 410 419 414

94 156 191
428 190 441 190

90 85 203
429 191 447 191

92 4 116
431 255 450 256

146 185 28
432 257 454 257

16 90 47
437 192 455 192

52 63 26
440 272 452 272

25 28 244
442 358 490 411

117 38 28
446 410 451 412

200 168 247
448 602 458 602

249 43 165
455 257 469 257

149 234 107
459 410 473 411

234 181 201
466 409 477 409

238 41 35
472 354 490 359

167 70 128
472 66 490 83

2 117 18
482 287 490 302

65 143 34
487 80 490 199

93 131 86
486 249 490 255

131 160 111
489 0 489 65

43 151 229
489 202 489 246

86 60 173
488 255 490 262

64 168 166
489 262 489 280

246 113 59
489 303 489 347

31 149 37
489 377 489 402

101 21 19
488 409 489 577

218 39 186
489 595 489 639

106 74 188
490 0 490 65

237 160 253
489 67 490 79

141 16 90
490 80 490 197

36 245 221
490 201 490 248

97 162 9
490 263 490 280

9 72 95
489 281 490 287

122 131 160
489 303 490 353

15 168 150
489 363 490 371

36 187 181
490 376 490 403

76 117 27
490 410 490 578

150 50 245
490 580 490 590

54 47 95
489 591 490 639


55
1 2 3 4 5 6 7 8 9 10 11 12 13 14 15 16 17 18 19 21 22 32 36 45 130 146 149 154 186 189 196 206 222 245 253 259 260 261 262 263 264 266 271 272 273 274 275 276 277 278 279 280 281 282 283 

283
1 2
12  13  
2 1
12  
3 2
12  16  
4 1
12  
5 1
17  
6 2
12  17  
7 1
18  
8 1
12  
9 1
12  
10 2
12  20  
11 1
12  
12 31
1  2  3  4  6  8  9  10  11  13  14  15  16  17  18  19  20  21  22  24  28  29  30  31  32  33  34  50  52  53  61  
13 2
1  12  
14 1
12  
15 1
12  
16 2
3  12  
17 3
5  6  12  
18 2
7  12  
19 1
12  
20 2
10  12  
21 1
12  
22 30
12  23  24  25  26  27  28  31  33  34  35  36  37  39  40  41  42  43  44  46  48  50  51  52  53  54  57  61  62  65  
23 12
22  26  33  56  60  63  64  101  102  104  106  110  
24 2
12  22  
25 11
22  26  36  40  63  67  68  72  73  76  78  
26 4
22  23  25  63  
27 3
22  35  36  
28 2
12  22  
29 3
12  32  33  
30 2
12  33  
31 2
12  22  
32 5
12  29  33  45  59  
33 17
12  22  23  29  30  32  45  60  64  66  69  70  71  74  77  80  82  
34 2
12  22  
35 3
22  27  36  
36 42
22  25  27  35  37  38  39  42  43  44  46  47  48  49  51  54  55  58  62  65  68  72  78  86  88  90  92  93  95  116  123  125  126  129  149  151  152  157  158  159  162  165  
37 2
22  36  
38 1
36  
39 3
22  36  41  
40 2
22  25  
41 3
22  39  42  
42 4
22  36  41  47  
43 3
22  36  47  
44 3
22  36  49  
45 33
32  33  59  66  71  74  75  77  82  85  87  91  94  97  99  100  105  115  124  128  130  131  134  135  136  137  138  139  140  142  143  144  146  
46 3
22  36  51  
47 3
36  42  43  
48 2
22  36  
49 2
36  44  
50 2
12  22  
51 6
22  36  46  55  57  58  
52 2
12  22  
53 2
12  22  
54 2
22  36  
55 2
36  51  
56 1
23  
57 2
22  51  
58 2
36  51  
59 2
32  45  
60 4
23  33  64  70  
61 2
12  22  
62 3
22  36  65  
63 11
23  25  26  76  78  79  89  96  98  104  108  
64 13
23  33  60  70  81  82  83  84  91  94  97  110  113  
65 3
22  36  62  
66 2
33  45  
67 3
25  73  78  
68 3
25  36  72  
69 3
33  80  82  
70 3
33  60  64  
71 2
33  45  
72 4
25  36  68  78  
73 3
25  67  78  
74 2
33  45  
75 1
45  
76 4
25  63  78  79  
77 2
33  45  
78 43
25  36  63  67  72  73  76  79  86  88  89  90  92  93  95  96  98  114  116  118  147  180  181  187  192  196  207  212  229  231  234  235  238  242  244  246  252  253  254  259  261  268  278  
79 3
63  76  78  
80 3
33  69  82  
81 1
64  
82 6
33  45  64  69  80  83  
83 5
64  82  84  85  87  
84 2
64  83  
85 2
45  83  
86 3
36  78  88  
87 2
45  83  
88 4
36  78  86  90  
89 2
63  78  
90 3
36  78  88  
91 2
45  64  
92 3
36  78  93  
93 3
36  78  92  
94 3
45  64  97  
95 2
36  78  
96 3
63  78  98  
97 9
45  64  94  99  100  107  109  111  113  
98 17
63  78  96  104  107  108  111  112  117  122  166  171  185  187  193  233  238  
99 3
45  97  100  
100 11
45  97  99  105  107  115  124  128  130  137  153  
101 3
23  103  104  
102 2
23  104  
103 2
101  104  
104 14
23  63  98  101  102  103  106  108  110  111  112  117  119  120  
105 2
45  100  
106 2
23  104  
107 18
97  98  100  109  111  153  156  168  171  173  182  184  186  221  228  233  236  237  
108 4
63  98  104  112  
109 3
97  107  111  
110 5
23  64  104  111  113  
111 14
97  98  104  107  109  110  113  117  119  120  121  122  166  168  
112 3
98  104  108  
113 4
64  97  110  111  
114 8
78  145  147  150  160  163  167  176  
115 2
45  100  
116 6
36  78  118  125  145  147  
117 4
98  104  111  122  
118 2
78  116  
119 3
104  111  121  
120 2
104  111  
121 2
111  119  
122 3
98  111  117  
123 6
36  125  127  129  154  169  
124 3
45  100  128  
125 11
36  116  123  127  132  133  145  150  154  155  163  
126 4
36  129  149  151  
127 2
123  125  
128 3
45  100  124  
129 5
36  123  126  149  154  
130 28
45  100  131  134  135  136  137  139  141  142  143  144  146  148  153  156  170  172  204  205  206  208  209  210  211  213  214  215  
131 2
45  130  
132 2
125  133  
133 2
125  132  
134 2
45  130  
135 3
45  130  137  
136 3
45  130  139  
137 4
45  100  130  135  
138 3
45  141  142  
139 3
45  130  136  
140 2
45  144  
141 2
130  138  
142 3
45  130  138  
143 2
45  130  
144 4
45  130  140  146  
145 4
114  116  125  150  
146 3
45  130  144  
147 4
78  114  116  150  
148 3
130  153  156  
149 9
36  126  129  152  154  157  161  164  165  
150 5
114  125  145  147  160  
151 4
36  126  152  157  
152 3
36  149  151  
153 5
100  107  130  148  156  
154 20
123  125  129  149  155  163  167  169  174  177  179  188  189  190  191  192  197  199  200  201  
155 3
125  154  163  
156 8
107  130  148  153  170  173  175  178  
157 3
36  149  151  
158 3
36  161  164  
159 2
36  162  
160 3
114  150  163  
161 3
149  158  164  
162 3
36  159  165  
163 6
114  125  154  155  160  167  
164 3
149  158  161  
165 3
36  149  162  
166 2
98  111  
167 4
114  154  163  174  
168 3
107  111  171  
169 2
123  154  
170 8
130  156  172  175  183  186  206  222  
171 3
98  107  168  
172 2
130  170  
173 5
107  156  178  182  184  
174 4
154  167  176  177  
175 3
156  170  178  
176 3
114  174  181  
177 3
154  174  179  
178 4
156  173  175  184  
179 3
154  177  181  
180 2
78  181  
181 4
78  176  179  180  
182 3
107  173  184  
183 3
170  184  186  
184 6
107  173  178  182  183  186  
185 1
98  
186 22
107  170  183  184  221  222  228  230  232  236  237  238  243  248  249  250  251  256  262  263  265  275  
187 5
78  98  193  231  235  
188 2
154  189  
189 10
154  188  190  191  194  195  196  197  198  202  
190 2
154  189  
191 2
154  189  
192 7
78  154  196  199  200  201  203  
193 2
98  187  
194 2
189  196  
195 2
189  196  
196 22
78  189  192  194  195  198  201  202  223  229  239  240  241  244  245  253  254  255  257  258  270  271  
197 2
154  189  
198 2
189  196  
199 2
154  192  
200 2
154  192  
201 3
154  192  196  
202 2
189  196  
203 3
192  207  223  
204 2
130  206  
205 2
130  206  
206 19
130  170  204  205  210  211  213  214  215  216  217  218  219  220  222  224  225  226  227  
207 2
78  203  
208 2
130  213  
209 3
130  214  215  
210 3
130  206  216  
211 3
130  206  216  
212 5
78  234  239  240  242  
213 6
130  206  208  217  218  219  
214 3
130  206  209  
215 4
130  206  209  220  
216 3
206  210  211  
217 2
206  213  
218 2
206  213  
219 2
206  213  
220 2
206  215  
221 2
107  186  
222 15
170  186  206  224  225  226  227  230  232  247  248  251  260  262  264  
223 2
196  203  
224 2
206  222  
225 2
206  222  
226 2
206  222  
227 2
206  222  
228 2
107  186  
229 3
78  196  239  
230 3
186  222  232  
231 3
78  187  235  
232 3
186  222  230  
233 3
98  107  238  
234 3
78  212  239  
235 3
78  187  231  
236 2
107  186  
237 3
107  186  238  
238 13
78  98  186  233  237  243  250  252  256  263  266  267  277  
239 5
196  212  229  234  240  
240 6
196  212  239  241  242  244  
241 2
196  240  
242 3
78  212  240  
243 2
186  238  
244 3
78  196  240  
245 6
196  255  270  281  282  283  
246 1
78  
247 2
222  248  
248 4
186  222  247  251  
249 2
186  250  
250 3
186  238  249  
251 3
186  222  248  
252 2
78  238  
253 9
78  196  254  257  258  259  269  279  280  
254 3
78  196  253  
255 2
196  245  
256 2
186  238  
257 3
196  253  258  
258 3
196  253  257  
259 2
78  253  
260 3
222  262  273  
261 2
78  277  
262 4
186  222  260  274  
263 3
186  238  266  
264 2
222  272  
265 2
186  275  
266 2
238  263  
267 2
238  276  
268 2
78  278  
269 2
253  280  
270 3
196  245  281  
271 2
196  283  
272 1
264  
273 1
260  
274 1
262  
275 2
186  265  
276 1
267  
277 2
238  261  
278 2
78  268  
279 1
253  
280 2
253  269  
281 2
245  270  
282 1
245  
283 2
245  271  

0
