299
164 224 194
0 0 1053 1569

150 244 108
9 10 140 86

52 27 229
9 49 150 124

160 143 100
9 86 235 230

115 107 105
9 148 194 251

82 72 14
9 150 191 249

23 80 222
9 245 166 292

128 147 35
9 232 217 433

1 203 99
9 405 225 450

130 68 121
9 433 183 530

98 6 35
9 432 215 534

86 114 200
9 424 233 555

114 87 94
9 510 187 665

1 187 146
9 584 116 649

108 36 50
9 628 128 670

180 51 166
9 630 132 693

4 17 248
9 626 316 711

151 52 15
9 628 314 732

99 152 143
9 628 317 820

167 17 144
9 709 266 819

173 52 19
9 743 114 796

31 252 117
9 773 178 841

118 90 204
9 800 128 872

50 237 62
9 707 296 918

86 31 63
9 683 347 1006

137 197 171
9 681 349 1224

155 190 96
9 1202 240 1236

207 205 100
9 1204 277 1243

103 93 252
9 1211 277 1255

120 237 95
9 1217 278 1278

173 0 6
9 1227 249 1286

169 118 179
9 1234 247 1295

4 66 210
9 1265 212 1317

241 128 72
9 1276 220 1369

16 191 122
9 1327 210 1447

214 106 209
9 1384 457 1470

148 202 90
9 1459 128 1498

97 47 245
9 1372 516 1539

190 43 197
9 1503 116 1559

172 138 44
11 130 194 222

172 144 165
13 103 227 164

34 67 82
13 107 241 189

100 21 251
15 152 186 256

228 93 255
15 322 216 426

163 216 240
15 325 204 426

14 169 1
16 342 202 439

216 3 215
17 127 202 232

7 249 107
17 225 223 344

50 190 204
15 1378 415 1464

188 234 139
19 345 199 443

76 143 55
21 491 254 623

143 225 227
26 393 248 521

164 221 6
29 495 208 543

2 220 106
31 121 211 230

218 205 79
36 1177 211 1220

131 206 242
38 499 173 535

134 165 0
39 468 241 519

127 16 217
40 331 328 561

61 220 224
42 207 225 330

40 103 19
42 115 311 434

183 158 207
57 329 251 522

153 130 28
71 1518 148 1559

118 136 171
75 238 227 321

82 242 80
79 1320 183 1367

31 65 82
81 1399 310 1475

237 52 44
81 1405 272 1487

146 52 175
83 1366 372 1435

162 13 53
87 35 185 92

127 238 181
94 43 158 88

230 1 242
102 490 344 661

133 208 26
104 549 244 612

7 236 210
105 556 227 607

143 152 107
113 628 333 737

129 232 225
117 10 255 123

195 58 51
122 10 231 36

247 102 83
122 754 267 1185

43 21 64
128 685 349 1222

57 74 211
130 477 322 646

39 255 117
130 622 327 679

40 242 244
136 477 297 641

248 12 219
139 1510 197 1559

229 222 96
139 1281 218 1359

125 73 103
143 1361 268 1408

101 42 246
149 1488 223 1559

159 94 119
160 715 255 766

5 177 58
170 1177 275 1220

26 241 49
174 1311 298 1363

100 196 93
176 1346 301 1387

100 58 150
182 646 361 1171

86 46 189
188 672 357 1172

98 9 229
189 675 321 715

65 105 221
192 658 361 1171

138 208 194
197 1230 291 1312

181 198 63
203 667 361 1170

19 62 164
203 1246 307 1319

196 120 67
213 661 364 1218

181 170 72
214 1479 269 1559

122 7 98
217 10 273 193

180 157 199
218 1282 349 1324

226 90 43
218 1301 325 1338

236 63 129
220 134 252 250

85 28 227
221 252 292 311

38 223 36
221 686 364 1229

236 30 175
227 494 263 615

42 195 100
230 10 283 197

163 6 119
235 1463 324 1559

77 79 59
242 10 349 295

84 177 240
244 13 295 241

241 120 106
247 266 342 334

75 163 30
247 1226 390 1272

138 36 1
247 24 302 247

166 8 237
249 10 865 402

133 44 66
251 1423 321 1465

164 219 104
252 100 295 243

103 63 85
252 51 314 245

109 182 127
251 295 305 327

188 241 34
254 701 374 1231

110 226 111
255 326 339 530

230 76 195
257 316 370 515

138 107 180
257 348 368 511

174 108 255
258 1465 331 1559

182 89 137
259 394 370 516

227 155 48
258 1281 778 1433

190 4 181
261 463 370 600

254 89 89
263 1244 388 1296

180 216 192
279 984 368 1125

166 251 46
286 1188 392 1241

136 106 234
288 1140 378 1204

212 46 88
290 1161 374 1197

63 226 63
291 1347 557 1388

171 226 201
294 1313 407 1373

4 107 119
295 738 409 987

160 155 46
294 1259 452 1315

164 81 17
297 46 430 295

253 170 207
300 479 324 602

213 107 205
304 195 363 265

208 153 130
304 1031 407 1137

59 131 40
310 1085 396 1151

105 220 176
309 1240 382 1280

75 27 132
315 580 353 697

45 228 196
316 754 408 980

153 91 111
317 1293 541 1358

52 137 116
319 1438 455 1559

133 154 20
321 491 376 631

48 106 184
322 1045 425 1109

155 55 181
330 1101 424 1233

52 185 138
336 502 359 673

183 225 91
337 971 428 1038

147 145 150
337 1021 430 1078

174 22 255
338 10 388 90

146 218 74
340 10 413 94

238 73 120
350 1282 555 1317

119 189 17
350 1340 598 1450

18 209 69
352 220 405 520

124 137 203
354 518 471 646

179 62 251
360 531 473 756

109 201 150
361 236 400 416

78 36 202
366 739 407 966

224 186 129
366 1239 499 1269

246 185 21
370 583 457 816

208 3 195
372 320 463 528

25 123 86
375 590 458 812

215 140 68
375 774 407 962

168 210 187
376 307 407 523

50 157 205
378 594 463 993

112 152 73
384 552 1043 1206

57 46 253
385 1198 471 1251

93 248 106
389 1173 475 1248

23 121 184
389 1241 665 1365

208 142 152
393 142 494 435

212 82 142
395 545 459 598

79 168 94
400 310 423 511

220 236 120
400 1430 494 1559

174 167 79
400 1070 436 1158

75 117 247
408 346 494 538

227 190 41
415 1098 605 1224

17 187 154
420 1119 524 1247

9 37 211
420 1258 669 1367

130 222 49
428 561 875 972

17 118 72
428 135 470 404

99 5 25
435 147 468 412

11 99 237
436 1069 593 1191

247 219 60
439 148 456 309

158 42 24
437 1306 631 1371

19 34 198
440 1214 713 1303

210 75 17
449 422 512 482

141 229 244
449 1415 502 1559

179 185 5
454 967 815 1171

145 234 14
463 409 659 719

7 50 145
464 10 876 603

12 75 162
466 1401 588 1559

112 56 5
467 40 830 406

75 117 16
469 1255 583 1284

118 141 7
472 117 731 399

152 84 165
487 1324 657 1559

227 101 185
488 1194 597 1239

201 90 139
489 10 640 108

130 95 24
489 264 627 422

108 110 203
494 409 592 531

158 255 92
505 657 613 722

234 161 100
507 553 606 669

34 166 112
509 721 580 763

151 182 224
513 1138 615 1199

37 189 44
514 1406 638 1515

121 98 162
515 580 624 631

222 27 58
517 742 582 793

56 166 29
523 636 628 689

152 191 230
534 605 688 720

6 138 104
536 10 635 103

5 231 212
550 673 690 729

166 75 115
550 719 692 757

76 187 93
552 574 654 615

2 156 127
554 316 617 404

191 200 23
554 1184 717 1249

33 106 60
560 1340 634 1442

61 164 181
564 466 721 548

227 193 147
566 741 688 832

162 168 204
567 663 766 793

45 16 100
569 339 716 437

20 229 106
569 605 679 663

95 88 111
571 527 698 582

26 181 21
594 1134 683 1208

182 52 97
597 570 702 662

126 75 99
602 1322 661 1559

232 135 34
604 417 694 470

140 60 67
614 477 719 578

78 208 128
617 962 944 1025

246 156 100
619 349 719 464

6 0 6
620 1047 721 1200

235 106 51
623 1043 716 1146

67 217 71
626 1120 689 1192

248 238 166
631 1320 674 1559

45 79 193
634 744 711 814

120 178 119
639 367 746 491

0 212 246
641 281 947 656

60 23 222
649 1029 731 1206

12 152 107
656 333 781 437

168 252 185
655 590 787 698

168 2 175
658 1349 702 1559

18 54 181
662 10 901 341

235 125 161
666 1000 731 1050

217 36 228
666 1358 715 1559

40 229 221
673 10 931 341

218 92 10
674 1303 700 1462

174 82 130
676 603 753 687

198 49 130
678 1293 725 1559

94 156 191
680 10 825 71

90 85 203
679 219 820 333

92 4 116
682 1219 845 1279

146 185 28
681 1256 834 1300

16 90 47
686 1299 705 1477

52 63 26
690 1240 845 1559

25 28 244
692 1054 733 1216

117 38 28
691 1183 845 1246

200 168 247
697 1168 841 1230

249 43 165
701 400 787 491

149 234 107
701 1236 773 1282

234 181 201
703 479 784 604

238 41 35
705 494 770 563

167 70 128
706 239 829 341

2 117 18
707 1295 737 1559

65 143 34
715 351 801 412

93 131 86
719 227 885 336

131 160 111
735 10 970 257

43 151 229
748 1259 838 1559

86 60 173
750 10 862 56

64 168 166
751 1263 866 1559

246 113 59
755 1267 838 1522

31 149 37
763 1363 801 1528

101 21 19
767 10 1043 261

218 39 186
775 231 1043 546

106 74 188
780 1175 853 1245

237 160 253
788 1227 849 1402

141 16 90
788 1240 996 1559

36 245 221
790 74 1043 538

97 162 9
794 1256 992 1555

9 72 95
800 1262 990 1531

122 131 160
802 41 1043 269

15 168 150
808 958 1043 1423

36 187 181
808 1002 982 1484

76 117 27
819 1079 979 1450

150 50 245
831 97 1043 528

54 47 95
836 75 1039 284

70 138 77
841 965 954 1202

59 103 218
846 16 1043 236

221 112 255
852 31 1000 154

37 208 96
852 966 960 1346

168 112 105
871 338 1043 500

80 6 227
884 519 1043 956

11 187 243
889 95 1003 228

129 214 23
908 89 1043 334

179 204 99
914 520 1036 948

226 43 249
952 166 1043 325

108 120 48
954 959 1043 1164

212 83 118
955 967 1043 1559

68 82 178
974 962 1043 1211

20 178 143
982 103 1043 189

132 27 181
990 1311 1043 1505

138 254 93
994 1425 1043 1559


1
1 

299
1 91
2  3  4  5  6  7  8  9  10  11  12  13  14  15  16  17  18  19  20  21  22  23  24  25  26  27  28  29  30  31  32  33  34  35  36  37  38  39  62  74  75  81  84  97  98  105  106  107  112  121  143  150  151  173  187  190  191  195  197  209  224  232  239  240  242  243  246  247  252  261  264  265  266  267  270  271  274  275  278  282  285  288  289  291  293  294  295  296  297  298  299  
2 5
1  3  68  74  75  
3 5
1  2  4  68  69  
4 9
1  3  5  40  41  42  68  69  74  
5 8
1  4  6  40  43  47  48  60  
6 4
1  5  7  43  
7 5
1  6  8  43  48  
8 9
1  7  9  44  45  48  50  59  60  
9 11
1  8  10  11  12  45  46  50  52  60  61  
10 3
1  9  11  
11 4
1  9  10  12  
12 7
1  9  11  13  52  57  58  
13 9
1  12  14  15  16  17  51  58  70  
14 3
1  13  15  
15 4
1  13  14  16  
16 4
1  13  15  17  
17 7
1  13  16  18  70  79  140  
18 3
1  17  19  
19 10
1  18  20  22  23  24  25  73  85  140  
20 5
1  19  21  22  85  
21 2
1  20  
22 4
1  19  20  23  
23 4
1  19  22  24  
24 4
1  19  23  25  
25 8
1  19  24  26  73  77  91  140  
26 8
1  25  27  55  76  77  89  140  
27 5
1  26  28  55  86  
28 6
1  27  29  77  86  103  
29 4
1  28  30  103  
30 4
1  29  31  93  
31 4
1  30  32  93  
32 4
1  31  33  93  
33 5
1  32  34  82  93  
34 7
1  33  35  64  82  87  88  
35 8
1  34  36  49  64  67  83  88  
36 7
1  35  37  49  65  123  130  
37 5
1  36  38  65  66  
38 13
1  37  39  62  66  81  84  97  106  113  123  143  153  
39 3
1  38  62  
40 4
4  5  42  47  
41 2
4  42  
42 9
4  40  41  47  54  60  74  98  101  
43 4
5  6  7  48  
44 3
8  45  60  
45 5
8  9  44  46  50  
46 3
9  45  50  
47 5
5  40  42  54  60  
48 6
5  7  8  43  59  60  
49 4
35  36  67  130  
50 4
8  9  45  46  
51 7
13  53  58  70  71  104  118  
52 5
9  12  57  60  61  
53 3
51  56  58  
54 3
42  47  60  
55 4
26  27  76  86  
56 1
53  
57 4
12  52  58  61  
58 9
12  13  51  53  57  60  61  109  118  
59 4
8  48  60  63  
60 17
5  8  9  42  44  47  48  52  54  58  59  61  63  101  102  107  109  
61 5
9  52  57  58  60  
62 4
1  38  39  81  
63 2
59  60  
64 2
34  35  
65 4
36  37  66  123  
66 4
37  38  65  123  
67 5
35  49  83  88  130  
68 5
2  3  4  69  74  
69 3
3  4  68  
70 13
13  17  51  71  72  78  79  80  104  122  135  140  144  
71 3
51  70  72  
72 2
70  71  
73 4
19  25  91  140  
74 7
1  2  4  42  68  75  98  
75 3
1  2  74  
76 4
26  55  77  86  
77 10
25  26  28  76  86  89  90  92  96  103  
78 4
70  80  124  135  
79 3
17  70  140  
80 4
70  78  122  124  
81 4
1  38  62  84  
82 6
33  34  87  93  95  99  
83 3
35  67  88  
84 4
1  38  81  97  
85 2
19  20  
86 5
27  28  55  76  77  
87 5
34  82  88  100  131  
88 7
34  35  67  83  87  130  131  
89 8
26  77  90  92  140  147  155  156  
90 3
77  89  92  
91 2
25  73  
92 6
77  89  90  94  96  156  
93 8
30  31  32  33  82  95  110  117  
94 3
92  96  156  
95 5
82  93  99  110  125  
96 5
77  92  94  103  156  
97 4
1  38  84  106  
98 5
1  42  74  101  105  
99 6
82  95  100  125  131  133  
100 3
87  99  131  
101 5
42  60  98  105  107  
102 1
60  
103 6
28  29  77  96  117  156  
104 4
51  70  118  120  
105 4
1  98  101  107  
106 6
1  38  97  113  121  143  
107 11
1  60  101  105  108  109  111  112  115  150  151  
108 2
107  111  
109 7
58  60  107  112  116  118  119  
110 8
93  95  117  125  127  139  167  168  
111 4
107  108  114  115  
112 19
1  107  109  115  119  134  136  151  154  170  180  181  183  190  192  197  240  247  266  
113 2
38  106  
114 2
111  115  
115 4
107  111  112  114  
116 1
109  
117 12
93  103  110  126  127  128  132  137  138  146  148  156  
118 6
51  58  104  109  119  120  
119 6
109  112  118  120  122  154  
120 4
104  118  119  122  
121 3
1  106  143  
122 5
70  80  119  120  124  
123 17
36  38  65  66  130  153  178  184  185  195  232  239  244  246  250  251  252  
124 6
78  80  122  135  144  154  
125 7
95  99  110  133  139  159  167  
126 4
117  137  148  149  
127 6
110  117  128  139  146  168  
128 4
117  127  129  146  
129 1
128  
130 9
36  49  67  88  123  131  169  178  184  
131 9
87  88  99  100  130  133  142  152  169  
132 5
117  141  148  156  165  
133 6
99  125  131  152  159  185  
134 2
112  136  
135 3
70  78  124  
136 2
112  134  
137 6
117  126  138  145  146  149  
138 3
117  137  146  
139 3
110  125  127  
140 10
17  19  25  26  70  73  79  89  144  147  
141 5
132  156  158  163  165  
142 3
131  152  169  
143 6
1  38  106  121  153  173  
144 6
70  124  140  147  155  161  
145 4
137  146  149  174  
146 9
117  127  128  137  138  145  168  174  176  
147 4
89  140  144  155  
148 6
117  126  132  149  165  166  
149 6
126  137  145  148  166  174  
150 3
1  107  151  
151 4
1  107  112  150  
152 5
131  133  142  169  185  
153 7
38  123  143  173  187  191  195  
154 6
112  119  124  157  161  170  
155 6
89  144  147  156  161  175  
156 16
89  92  94  96  103  117  132  141  155  158  160  165  166  171  175  189  
157 5
154  161  164  170  172  
158 5
141  156  160  163  165  
159 6
125  133  167  168  177  185  
160 6
156  158  162  163  165  171  
161 6
144  154  155  157  164  175  
162 3
160  163  165  
163 5
141  158  160  162  165  
164 4
157  161  172  175  
165 9
132  141  148  156  158  160  162  163  166  
166 20
148  149  156  165  174  179  182  188  189  227  235  236  241  253  255  272  279  284  287  289  
167 5
110  125  159  168  177  
168 7
110  127  146  159  167  176  177  
169 6
130  131  142  152  178  185  
170 10
112  154  157  172  175  181  183  186  189  190  
171 2
156  160  
172 4
157  164  170  175  
173 4
1  143  153  187  
174 6
145  146  149  166  176  182  
175 8
155  156  161  164  170  172  186  189  
176 9
146  168  174  177  182  185  196  203  214  
177 6
159  167  168  176  185  196  
178 5
123  130  169  184  185  
179 11
166  189  200  202  206  211  217  218  233  235  238  
180 4
112  181  183  192  
181 5
112  170  180  183  192  
182 5
166  174  176  188  203  
183 4
112  170  180  181  
184 3
123  130  178  
185 15
123  133  152  159  169  176  177  178  193  196  214  249  250  254  257  
186 3
170  175  189  
187 4
1  153  173  191  
188 7
166  182  203  222  227  230  241  
189 13
156  166  170  175  179  186  190  199  200  201  216  221  225  
190 12
1  112  170  189  192  194  198  199  213  219  225  240  
191 4
1  153  187  195  
192 5
112  180  181  190  194  
193 1
185  
194 3
190  192  198  
195 8
1  123  153  191  204  215  224  232  
196 3
176  177  185  
197 3
1  112  209  
198 2
190  194  
199 2
189  190  
200 6
179  189  201  207  210  211  
201 8
189  200  205  207  208  212  221  223  
202 3
179  206  218  
203 5
176  182  188  214  222  
204 1
195  
205 4
201  208  212  220  
206 4
179  202  217  218  
207 4
200  201  208  210  
208 8
201  205  207  210  218  220  223  238  
209 2
1  197  
210 5
200  207  208  211  218  
211 4
179  200  210  218  
212 4
201  205  220  223  
213 1
190  
214 8
176  185  203  222  236  253  254  255  
215 1
195  
216 7
189  221  225  226  234  258  259  
217 4
179  206  218  233  
218 9
179  202  206  208  210  211  217  233  238  
219 6
190  225  228  237  240  243  
220 4
205  208  212  223  
221 5
189  201  216  223  226  
222 6
188  203  214  229  230  236  
223 8
201  208  212  220  221  226  235  238  
224 3
1  195  232  
225 6
189  190  216  219  228  234  
226 5
216  221  223  235  258  
227 3
166  188  241  
228 4
219  225  234  237  
229 5
222  230  231  236  241  
230 4
188  222  229  241  
231 2
229  236  
232 5
1  123  195  224  239  
233 3
179  217  218  
234 7
216  225  228  235  237  256  258  
235 16
166  179  223  226  234  237  238  256  258  260  262  263  271  275  289  292  
236 7
166  214  222  229  231  241  253  
237 9
219  228  234  235  243  248  256  260  262  
238 6
179  208  218  223  235  245  
239 5
1  123  232  242  244  
240 5
1  112  190  219  243  
241 6
166  188  227  229  230  236  
242 5
1  239  244  246  251  
243 6
1  219  237  240  248  264  
244 5
123  239  242  246  251  
245 1
238  
246 7
1  123  242  244  251  252  261  
247 3
1  112  266  
248 5
237  243  260  264  270  
249 6
185  250  252  254  257  272  
250 5
123  185  249  252  257  
251 4
123  242  244  246  
252 10
1  123  246  249  250  261  265  267  272  273  
253 4
166  214  236  255  
254 5
185  214  249  255  272  
255 5
166  214  253  254  272  
256 4
234  235  237  262  
257 3
185  249  250  
258 5
216  226  234  235  259  
259 2
216  258  
260 6
235  237  248  263  270  278  
261 3
1  246  252  
262 3
235  237  256  
263 5
235  260  271  278  283  
264 4
1  243  248  270  
265 4
1  252  267  268  
266 3
1  112  247  
267 7
1  252  265  268  269  273  274  
268 4
265  267  269  273  
269 4
267  268  273  274  
270 7
1  248  260  264  278  285  286  
271 7
1  235  263  275  283  289  292  
272 8
166  249  252  254  255  273  281  284  
273 7
252  267  268  269  272  274  281  
274 9
1  267  269  273  276  277  280  281  295  
275 8
1  235  271  278  282  283  290  291  
276 5
274  277  279  280  295  
277 4
274  276  279  280  
278 8
1  260  263  270  275  283  285  286  
279 7
166  276  277  280  287  294  295  
280 6
274  276  277  279  281  287  
281 6
272  273  274  280  284  287  
282 5
1  275  288  291  297  
283 5
263  271  275  278  290  
284 4
166  272  281  287  
285 4
1  270  278  286  
286 3
270  278  285  
287 5
166  279  280  281  284  
288 2
1  282  
289 5
1  166  235  271  292  
290 2
275  283  
291 5
1  275  282  293  297  
292 3
235  271  289  
293 2
1  291  
294 4
1  279  295  296  
295 8
1  274  276  279  294  296  298  299  
296 3
1  294  295  
297 3
1  282  291  
298 3
1  295  299  
299 3
1  295  298  

0
