290
164 224 194
0 0 699 699

150 244 108
124 300 126 333

52 27 229
125 313 129 348

160 143 100
125 335 129 343

115 107 105
126 308 128 313

82 72 14
126 315 126 333

23 80 222
127 285 132 300

128 147 35
127 292 132 305

1 203 99
127 314 128 342

130 68 121
127 269 250 428

98 6 35
128 349 131 355

86 114 200
130 345 132 354

114 87 94
129 351 136 360

1 187 146
130 285 135 292

108 36 50
133 273 143 286

180 51 166
133 356 147 376

4 17 248
134 258 161 285

151 52 15
134 360 155 386

99 152 143
148 379 178 408

167 17 144
154 442 156 496

173 52 19
155 464 156 475

31 252 117
155 476 156 499

118 90 204
155 497 155 508

50 237 62
156 438 159 471

86 31 63
156 472 159 515

137 197 171
156 500 158 518

155 190 96
156 252 160 263

207 205 100
157 409 167 442

103 93 252
157 346 363 634

120 237 95
158 516 160 532

173 0 6
159 432 160 438

169 118 179
160 252 174 259

4 66 210
159 254 221 377

241 128 72
160 425 163 432

16 191 122
160 530 163 544

214 106 209
159 269 164 282

148 202 90
162 392 169 395

97 47 245
162 418 165 425

190 43 197
164 542 169 557

172 138 44
165 284 169 294

172 144 165
165 396 172 400

34 67 82
166 410 169 417

100 21 251
168 403 170 409

228 93 255
168 238 202 272

163 216 240
169 556 183 575

14 169 1
170 297 172 304

216 3 215
175 260 183 273

7 249 107
179 268 183 288

50 190 204
182 250 188 255

188 234 139
181 260 185 264

76 143 55
182 277 185 290

143 225 227
183 265 267 363

164 221 6
184 576 214 603

2 220 106
185 289 189 303

218 205 79
188 302 190 310

131 206 242
191 169 192 204

134 165 0
192 183 193 207

127 16 217
192 260 206 272

61 220 224
191 308 193 316

40 103 19
193 154 194 168

183 158 207
192 169 194 186

153 130 28
192 205 194 228

118 136 171
193 248 201 258

82 242 80
192 223 233 272

31 65 82
194 155 196 169

237 52 44
194 187 194 199

146 52 175
194 314 198 324

162 13 53
195 170 195 185

127 238 181
194 46 511 350

230 1 242
195 223 199 239

133 208 26
196 150 197 160

7 236 210
197 147 198 155

143 152 107
198 129 201 139

129 232 225
198 133 201 148

195 58 51
198 269 204 273

247 102 83
199 324 204 339

43 21 64
199 355 207 366

57 74 211
201 126 203 132

39 255 117
203 115 207 124

40 242 244
203 122 205 132

248 12 219
205 118 207 123

229 222 96
204 339 206 345

125 73 103
208 346 213 358

101 42 246
208 109 211 118

159 94 119
208 269 211 276

5 177 58
210 99 218 111

26 241 49
211 274 215 283

100 196 93
211 98 217 107

100 58 150
213 372 219 378

86 46 189
215 224 228 233

98 9 229
215 603 225 611

65 105 221
216 361 228 368

138 208 194
217 80 231 96

181 198 63
217 284 219 291

19 62 164
219 292 224 300

196 120 67
218 90 225 98

181 170 72
219 366 223 372

122 7 98
220 368 223 374

180 157 199
222 222 231 227

226 90 43
220 293 225 301

236 63 129
223 76 236 90

85 28 227
223 240 233 248

38 223 36
223 382 227 386

236 30 175
225 299 232 309

42 195 100
224 378 229 384

163 6 119
226 73 242 88

77 79 59
230 393 239 407

84 177 240
231 67 247 82

241 120 106
230 310 246 326

75 163 30
232 311 247 326

138 36 1
230 613 235 617

166 8 237
233 229 234 239

133 44 66
233 310 245 322

164 219 104
229 353 246 359

103 63 85
234 312 253 331

109 182 127
235 616 246 622

188 241 34
237 351 248 355

110 226 111
239 406 244 413

230 76 195
240 410 250 422

138 107 180
243 66 252 73

174 108 255
246 621 257 625

182 89 137
248 62 256 66

227 155 48
247 350 255 351

190 4 181
250 423 252 429

254 89 89
251 346 265 349

180 216 192
253 329 263 337

166 251 46
254 626 261 627

136 106 234
261 454 261 475

212 46 88
262 343 275 346

63 226 63
262 453 262 477

171 226 201
263 444 266 482

4 107 119
264 426 484 650

160 155 46
266 494 270 509

164 81 17
267 340 274 344

253 170 207
270 54 279 56

213 107 205
271 631 279 632

208 153 130
276 344 285 348

59 131 40
276 633 287 633

105 220 176
277 51 285 53

75 27 132
283 50 289 51

45 228 196
287 48 296 49

153 91 111
288 346 297 359

52 137 116
290 424 302 428

133 154 20
291 634 304 634

48 106 184
291 352 295 366

155 55 181
292 355 293 373

52 185 138
292 635 314 637

183 225 91
291 412 329 440

147 145 150
295 356 297 363

174 22 255
294 366 297 378

146 218 74
295 364 298 380

238 73 120
297 47 306 48

119 189 17
297 322 504 549

18 209 69
301 330 309 338

124 137 203
301 390 303 397

179 62 251
302 565 309 573

109 201 150
303 428 314 433

78 36 202
306 406 309 412

224 186 129
307 572 319 585

246 185 21
307 46 331 47

208 3 195
307 45 316 46

25 123 86
308 325 317 332

215 140 68
309 408 315 414

168 210 187
314 635 335 635

50 157 205
314 635 343 637

112 152 73
318 43 355 43

57 46 253
317 44 354 45

93 248 106
318 323 325 325

23 121 184
319 422 328 437

208 142 152
328 317 340 320

212 82 142
327 436 449 546

79 168 94
329 598 336 602

220 236 120
332 321 343 321

174 167 79
331 319 344 321

75 117 247
336 310 559 634

227 190 41
336 601 342 607

17 187 154
339 196 358 201

9 37 211
339 196 363 211

130 222 49
343 209 362 212

17 118 72
344 44 359 45

99 5 25
344 46 356 46

11 99 237
343 634 350 635

247 219 60
344 608 353 615

158 42 24
352 311 361 313

19 34 198
352 615 363 625

210 75 17
356 45 367 47

141 229 244
358 309 370 311

179 185 5
356 627 380 631

145 234 14
362 623 367 627

7 50 145
367 483 390 519

12 75 162
366 48 381 49

112 56 5
368 47 377 48

75 117 16
371 309 378 310

118 141 7
371 466 407 486

152 84 165
372 465 393 468

227 101 185
374 308 385 308

201 90 139
379 50 385 52

130 95 24
379 308 397 309

108 110 203
384 51 402 57

158 255 92
386 517 393 520

234 161 100
386 636 395 639

34 166 112
392 308 407 309

151 182 224
398 309 407 310

37 189 44
408 309 416 311

121 98 162
410 644 471 652

222 27 58
414 60 423 66

56 166 29
414 63 426 68

152 191 230
416 310 430 314

6 138 104
414 360 434 380

5 231 212
417 362 500 488

166 75 115
425 68 438 73

76 187 93
429 309 561 572

2 156 127
437 74 445 79

191 200 23
437 653 453 653

33 106 60
441 314 451 316

61 164 181
444 543 496 577

227 193 147
450 313 456 324

162 168 204
453 82 466 93

45 16 100
459 300 467 309

20 229 106
461 287 484 309

95 88 111
464 549 479 552

26 181 21
467 93 478 103

182 52 97
469 272 494 299

126 75 99
470 337 480 346

232 135 34
472 551 487 551

140 60 67
472 640 479 645

78 208 128
473 638 477 642

246 156 100
474 585 479 594

6 0 6
478 636 483 639

235 106 51
478 104 488 113

67 217 71
479 281 488 291

248 238 166
479 575 492 576

45 79 193
480 596 484 610

120 178 119
479 633 484 637

0 212 246
481 613 508 639

60 23 222
482 611 485 630

12 152 107
483 348 497 362

168 252 185
484 348 505 371

168 2 175
485 627 493 634

18 54 181
487 113 495 122

235 125 161
487 628 493 635

217 36 228
492 264 497 273

40 229 221
494 613 510 630

218 92 10
494 615 504 625

174 82 130
496 126 502 135

198 49 130
496 261 500 268

94 156 191
495 355 529 394

90 85 203
497 252 501 263

92 4 116
498 133 503 137

146 185 28
500 489 504 504

16 90 47
500 137 506 148

52 63 26
501 252 504 261

25 28 244
502 238 506 252

117 38 28
503 234 509 253

200 168 247
504 145 506 151

249 43 165
505 151 509 164

149 234 107
505 508 505 526

234 181 201
504 600 516 613

238 41 35
506 508 506 522

167 70 128
506 602 519 615

2 117 18
507 148 509 154

65 143 34
508 159 509 168

93 131 86
509 163 511 175

131 160 111
508 218 512 235

43 151 229
510 161 512 173

86 60 173
510 175 513 192

64 168 166
511 170 512 181

246 113 59
510 212 511 224

31 149 37
512 193 512 211

101 21 19
512 212 513 226

218 39 186
513 187 514 223

106 74 188
514 175 516 214

237 160 253
513 571 542 605

141 16 90
517 594 521 600

36 245 221
523 392 534 406

97 162 9
526 583 536 593

9 72 95
529 393 563 510

122 131 160
539 559 547 572

15 168 150
545 427 548 436

36 187 181
547 548 550 556

76 117 27
550 440 553 451

150 50 245
552 527 555 543

54 47 95
553 531 557 548

70 138 77
554 450 556 460

59 103 218
556 458 557 471

221 112 255
558 481 559 519

37 208 96
559 519 560 530

168 112 105
560 481 560 505

80 6 227
561 511 561 522

11 187 243
562 473 562 517


1
1 

290
1 126
2  3  4  7  8  11  13  14  15  16  17  18  19  20  23  26  27  28  29  30  32  35  37  39  41  43  44  45  49  53  56  57  60  62  69  70  71  72  73  74  78  79  84  86  88  91  93  101  106  108  111  116  120  121  122  127  132  135  136  138  139  140  141  144  147  152  161  165  166  167  180  182  186  188  191  192  197  199  201  205  206  207  211  212  213  214  217  218  219  220  222  223  226  229  230  231  235  240  241  242  243  245  246  247  249  251  252  254  255  256  260  261  262  264  265  267  270  271  272  273  276  277  283  287  289  290  
2 5
1  3  5  8  10  
3 7
1  2  4  6  9  10  12  
4 4
1  3  9  10  
5 2
2  10  
6 2
3  9  
7 4
1  8  14  15  
8 5
1  2  7  10  14  
9 4
3  4  6  10  
10 29
2  3  4  5  8  9  12  13  14  16  17  18  19  29  33  36  37  40  41  46  77  89  98  103  105  107  118  119  124  
11 3
1  12  13  
12 4
3  10  11  13  
13 6
1  10  11  12  16  18  
14 5
1  7  8  10  17  
15 3
1  7  17  
16 4
1  10  13  18  
17 7
1  10  14  15  27  33  36  
18 5
1  10  13  16  19  
19 7
1  10  18  29  37  41  43  
20 4
1  21  22  24  
21 3
20  24  25  
22 3
20  23  25  
23 3
1  22  26  
24 5
20  21  28  29  31  
25 4
21  22  26  29  
26 4
1  23  25  30  
27 4
1  17  32  33  
28 6
1  24  31  34  38  42  
29 66
1  10  19  24  25  30  31  34  35  38  39  42  43  45  52  53  69  91  92  97  98  105  107  111  114  116  117  118  119  121  123  124  125  127  128  129  130  131  132  133  136  137  138  142  143  144  145  146  147  148  150  151  153  155  156  158  159  164  165  172  176  182  183  185  188  189  
30 4
1  26  29  35  
31 4
24  28  29  34  
32 4
1  27  33  44  
33 24
10  17  27  32  36  40  44  46  47  48  51  52  54  55  59  67  76  77  82  83  89  92  97  98  
34 4
28  29  31  38  
35 4
1  29  30  39  
36 3
10  17  33  
37 4
1  10  19  41  
38 3
28  29  34  
39 4
1  29  35  45  
40 2
10  33  
41 4
1  10  19  37  
42 2
28  29  
43 3
1  19  29  
44 13
1  32  33  47  48  49  50  52  58  63  64  69  70  
45 3
1  29  39  
46 2
10  33  
47 4
33  44  48  50  
48 5
33  44  47  51  52  
49 2
1  44  
50 2
44  47  
51 4
33  48  52  54  
52 32
29  33  44  48  51  54  55  58  59  67  69  75  76  82  83  85  87  92  94  95  100  104  109  110  114  115  117  123  125  126  129  134  
53 2
1  29  
54 4
33  51  52  55  
55 4
33  52  54  59  
56 3
1  57  61  
57 6
1  56  61  62  66  69  
58 4
44  52  64  75  
59 4
33  52  55  67  
60 2
1  65  
61 4
56  57  65  68  
62 4
1  57  69  70  
63 2
44  64  
64 9
44  58  63  69  85  90  99  102  112  
65 4
60  61  69  71  
66 2
57  69  
67 3
33  52  59  
68 2
61  69  
69 98
1  29  44  52  57  62  64  65  66  68  70  71  72  74  80  81  84  85  86  87  90  94  95  96  99  100  101  102  104  106  108  112  113  115  120  122  126  129  134  135  137  139  140  141  142  152  153  154  160  162  167  168  170  175  177  178  179  181  184  186  187  191  193  196  197  198  199  202  204  206  207  208  211  212  213  215  218  219  220  222  223  230  240  242  245  248  249  251  253  254  255  256  262  263  264  266  268  269  
70 4
1  44  62  69  
71 4
1  65  69  72  
72 4
1  69  71  74  
73 3
1  74  78  
74 4
1  69  72  73  
75 2
52  58  
76 3
33  52  82  
77 2
10  33  
78 3
1  73  80  
79 4
1  80  81  84  
80 4
69  78  79  81  
81 3
69  79  80  
82 3
33  52  76  
83 2
33  52  
84 4
1  69  79  86  
85 4
52  64  69  87  
86 4
1  69  84  88  
87 3
52  69  85  
88 2
1  86  
89 2
10  33  
90 3
64  69  99  
91 2
1  29  
92 4
29  33  52  97  
93 3
1  96  101  
94 2
52  69  
95 3
52  69  100  
96 3
69  93  101  
97 4
29  33  92  98  
98 4
10  29  33  97  
99 3
64  69  90  
100 4
52  69  95  104  
101 6
1  69  93  96  106  108  
102 2
64  69  
103 2
10  105  
104 3
52  69  100  
105 3
10  29  103  
106 4
1  69  101  108  
107 3
10  29  118  
108 5
1  69  101  106  120  
109 3
52  110  115  
110 4
52  109  113  115  
111 3
1  29  116  
112 2
64  69  
113 3
69  110  115  
114 3
29  52  117  
115 5
52  69  109  110  113  
116 3
1  29  111  
117 4
29  52  114  123  
118 4
10  29  107  119  
119 3
10  29  118  
120 4
1  69  108  122  
121 3
1  29  127  
122 3
1  69  120  
123 4
29  52  117  125  
124 2
10  29  
125 4
29  52  123  129  
126 2
52  69  
127 3
1  29  121  
128 2
29  130  
129 5
29  52  69  125  134  
130 3
29  128  131  
131 3
29  130  132  
132 29
1  29  131  133  143  148  156  157  159  171  172  175  176  183  185  188  189  190  200  201  205  216  226  227  228  229  233  234  236  
133 2
29  132  
134 3
52  69  129  
135 3
1  69  139  
136 3
1  29  138  
137 2
29  69  
138 3
1  29  136  
139 4
1  69  135  140  
140 4
1  69  139  141  
141 3
1  69  140  
142 5
29  69  145  149  153  
143 3
29  132  148  
144 3
1  29  147  
145 6
29  142  146  149  150  151  
146 3
29  145  150  
147 4
1  29  144  165  
148 9
29  132  143  153  157  158  163  169  171  
149 3
142  145  153  
150 4
29  145  146  151  
151 4
29  145  150  153  
152 2
1  69  
153 24
29  69  142  148  149  151  154  155  158  162  163  168  169  171  173  175  194  195  209  210  216  221  250  257  
154 3
69  153  162  
155 2
29  153  
156 3
29  132  159  
157 2
132  148  
158 4
29  148  153  163  
159 3
29  132  156  
160 3
69  161  167  
161 2
1  160  
162 3
69  153  154  
163 3
148  153  158  
164 2
29  165  
165 5
1  29  147  164  182  
166 3
1  167  180  
167 6
1  69  160  166  180  181  
168 2
69  153  
169 3
148  153  171  
170 3
69  174  175  
171 8
132  148  153  169  190  194  200  216  
172 3
29  132  176  
173 2
153  174  
174 3
170  173  175  
175 44
69  132  153  170  174  184  187  193  198  203  204  208  209  210  212  216  224  225  228  232  233  234  235  236  237  238  239  244  250  257  258  259  260  273  274  275  278  279  280  281  282  284  285  286  
176 3
29  132  172  
177 2
69  178  
178 3
69  177  179  
179 2
69  178  
180 4
1  166  167  186  
181 3
69  167  186  
182 3
1  29  165  
183 3
29  132  185  
184 3
69  175  187  
185 4
29  132  183  189  
186 5
1  69  180  181  191  
187 3
69  175  184  
188 4
1  29  132  189  
189 4
29  132  185  188  
190 3
132  171  200  
191 5
1  69  186  192  197  
192 2
1  191  
193 3
69  175  196  
194 3
153  171  195  
195 2
153  194  
196 3
69  193  198  
197 4
1  69  191  199  
198 4
69  175  196  202  
199 3
1  69  197  
200 3
132  171  190  
201 2
1  132  
202 3
69  198  203  
203 2
175  202  
204 3
69  175  208  
205 4
1  132  214  226  
206 3
1  69  207  
207 4
1  69  206  211  
208 4
69  175  204  212  
209 3
153  175  210  
210 3
153  175  209  
211 4
1  69  207  213  
212 27
1  69  175  208  215  217  219  224  237  238  247  273  275  277  278  279  280  281  282  283  284  285  286  287  288  289  290  
213 3
1  69  211  
214 2
1  205  
215 2
69  212  
216 7
132  153  171  175  221  225  232  
217 2
1  212  
218 2
1  69  
219 4
1  69  212  220  
220 5
1  69  219  223  231  
221 3
153  216  225  
222 2
1  69  
223 5
1  69  220  231  242  
224 2
175  212  
225 3
175  216  221  
226 5
1  132  205  227  229  
227 3
132  226  229  
228 2
132  175  
229 6
1  132  226  227  234  235  
230 3
1  69  240  
231 3
1  220  223  
232 2
175  216  
233 2
132  175  
234 4
132  175  229  235  
235 9
1  175  229  234  239  241  243  244  260  
236 2
132  175  
237 3
175  212  238  
238 3
175  212  237  
239 3
175  235  241  
240 3
1  69  230  
241 3
1  235  239  
242 4
1  69  223  246  
243 4
1  235  244  260  
244 3
175  235  243  
245 3
1  69  249  
246 3
1  242  248  
247 3
1  212  277  
248 3
69  246  252  
249 4
1  69  245  251  
250 2
153  175  
251 4
1  69  249  255  
252 3
1  248  254  
253 2
69  254  
254 5
1  69  252  253  264  
255 5
1  69  251  256  261  
256 5
1  69  255  261  262  
257 3
153  175  259  
258 3
175  260  273  
259 2
175  257  
260 6
1  175  235  243  258  273  
261 3
1  255  256  
262 5
1  69  256  263  265  
263 5
69  262  265  266  267  
264 5
1  69  254  268  270  
265 4
1  262  263  267  
266 5
69  263  267  271  272  
267 4
1  263  265  266  
268 3
69  264  270  
269 2
69  271  
270 4
1  264  268  271  
271 5
1  266  269  270  272  
272 3
1  266  271  
273 8
1  175  212  258  260  274  276  278  
274 2
175  273  
275 2
175  212  
276 2
1  273  
277 4
1  212  247  290  
278 3
175  212  273  
279 2
175  212  
280 2
175  212  
281 3
175  212  284  
282 3
175  212  283  
283 3
1  212  282  
284 4
175  212  281  285  
285 3
175  212  284  
286 3
175  212  288  
287 3
1  212  289  
288 2
212  286  
289 4
1  212  287  290  
290 4
1  212  277  289  

0
