299
164 224 194
0 0 44 110

150 244 108
0 0 260 205

52 27 229
0 99 200 279

160 143 100
0 211 165 1008

115 107 105
0 358 63 571

82 72 14
0 522 75 660

23 80 222
0 561 42 691

128 147 35
0 884 150 1107

1 203 99
0 1029 30 1083

130 68 121
0 1065 66 1164

98 6 35
0 1078 160 1425

86 114 200
0 1099 119 1378

114 87 94
0 1123 85 1304

1 187 146
0 1228 79 1400

108 36 50
0 1272 98 1472

180 51 166
0 1400 44 1499

4 17 248
21 1366 87 1499

151 52 15
26 419 77 520

99 152 143
26 1409 81 1499

167 17 144
29 1242 68 1307

173 52 19
41 1087 151 1345

31 252 117
46 1073 180 1247

118 90 204
51 0 332 177

50 237 62
51 1426 77 1499

86 31 63
56 326 73 427

137 197 171
58 396 98 462

155 190 96
62 232 145 325

207 205 100
63 267 124 417

103 93 252
66 1422 120 1499

120 237 95
69 1346 171 1474

173 0 6
70 378 97 440

169 118 179
72 282 114 359

4 66 210
71 444 87 548

241 128 72
75 601 163 756

16 191 122
77 313 92 406

214 106 209
79 596 176 781

148 202 90
82 429 104 572

97 47 245
86 594 191 787

190 43 197
86 320 115 417

172 138 44
87 434 107 537

172 144 165
88 528 127 620

34 67 82
89 1421 143 1492

100 21 251
90 1060 144 1123

228 93 255
91 333 151 514

163 216 240
91 589 220 792

14 169 1
94 744 157 819

216 3 215
96 1180 172 1272

7 249 107
97 937 188 1018

50 190 204
98 960 150 1060

188 234 139
102 466 142 619

76 143 55
103 255 146 378

143 225 227
102 953 135 991

164 221 6
106 293 148 375

2 220 106
108 1036 151 1096

218 205 79
108 1233 184 1315

131 206 242
110 756 174 890

134 165 0
112 712 236 935

127 16 217
111 883 229 1092

61 220 224
112 360 194 406

40 103 19
114 572 223 616

183 158 207
114 1434 176 1499

153 130 28
115 208 171 271

118 136 171
116 691 266 928

82 242 80
115 399 142 484

31 65 82
119 421 140 530

237 52 44
119 527 155 599

146 52 175
125 618 221 773

162 13 53
126 425 146 540

127 238 181
126 501 196 595

230 1 242
126 776 216 903

133 208 26
128 1023 193 1055

7 236 210
130 470 153 553

143 152 107
130 1028 249 1162

129 232 225
133 1096 196 1181

195 58 51
134 720 258 938

247 102 83
136 1270 189 1367

43 21 64
136 1346 192 1446

57 74 211
138 1002 199 1029

39 255 117
138 1097 225 1255

40 242 244
140 685 257 758

248 12 219
141 374 189 513

229 222 96
143 221 183 325

125 73 103
143 272 198 366

101 42 246
144 938 309 1011

159 94 119
145 797 227 934

5 177 58
146 280 193 360

26 241 49
147 512 196 576

100 196 93
148 1065 255 1227

100 58 150
150 1037 183 1092

86 46 189
151 243 194 304

98 9 229
153 294 252 371

65 105 221
157 430 199 536

138 208 194
157 1347 190 1423

181 198 63
160 1420 209 1479

19 62 164
161 448 197 552

196 120 67
161 1458 200 1499

181 170 72
164 371 201 455

122 7 98
166 462 208 540

180 157 199
170 956 239 1018

226 90 43
172 583 232 697

236 63 129
172 1378 244 1445

85 28 227
172 1219 206 1327

38 223 36
174 205 215 286

236 30 175
175 1106 243 1218

42 195 100
176 1143 235 1229

163 6 119
178 848 235 906

77 79 59
181 1012 241 1063

84 177 240
184 483 233 547

241 120 106
186 878 232 921

75 163 30
187 1216 239 1260

138 36 1
188 1258 247 1343

166 8 237
189 351 230 406

133 44 66
191 376 248 453

164 219 104
190 1267 239 1414

103 63 85
191 1332 329 1499

109 182 127
191 538 251 573

188 241 34
191 1030 255 1089

110 226 111
192 182 242 231

230 76 195
193 1112 271 1215

138 107 180
193 1317 307 1476

174 108 255
195 0 258 38

182 89 137
195 211 254 314

227 155 48
195 413 253 476

190 4 181
195 789 252 865

254 89 89
194 1029 283 1096

180 216 192
197 227 241 326

166 251 46
198 237 254 329

136 106 234
198 423 272 492

212 46 88
200 1271 245 1335

63 226 63
201 1343 247 1388

171 226 201
202 148 244 185

4 107 119
202 580 241 700

160 155 46
203 811 254 868

164 81 17
203 1121 261 1207

253 170 207
204 320 300 360

213 107 205
207 849 270 910

208 153 130
205 1315 287 1401

59 131 40
207 461 269 565

105 220 176
209 1079 309 1219

75 27 132
211 1290 307 1353

45 228 196
211 179 282 247

153 91 111
213 346 246 397

52 137 116
211 569 250 693

133 154 20
213 685 281 823

48 106 184
215 1099 351 1259

155 55 181
218 952 265 1028

52 185 138
218 1067 268 1118

183 225 91
219 1101 327 1231

147 145 150
219 1214 277 1260

174 22 255
221 902 285 953

146 218 74
224 896 308 935

238 73 120
228 266 262 309

119 189 17
228 575 256 687

18 209 69
229 517 299 585

124 137 203
230 956 295 990

179 62 251
232 1296 300 1346

109 201 150
233 566 290 686

78 36 202
232 292 276 332

224 186 129
234 768 302 841

246 185 21
234 832 283 868

208 3 195
234 1274 299 1308

25 123 86
236 63 324 186

215 140 68
236 159 318 201

168 210 187
234 992 281 1032

50 157 205
240 1239 331 1288

112 152 73
240 1071 287 1119

57 46 253
240 112 282 180

93 248 106
243 683 316 803

23 121 184
243 995 335 1024

208 142 152
241 1227 314 1268

212 82 142
243 1195 350 1273

79 168 94
245 349 279 451

220 236 120
245 1028 319 1086

174 167 79
245 1116 369 1214

75 117 247
246 862 317 898

227 190 41
246 918 281 947

17 187 154
247 888 308 920

9 37 211
250 345 336 470

130 222 49
250 519 303 564

17 118 72
251 0 460 212

99 5 25
251 460 281 527

11 99 237
250 1129 382 1221

247 219 60
252 192 296 296

158 42 24
252 1083 336 1178

19 34 198
257 966 337 997

210 75 17
259 370 300 449

141 229 244
259 608 287 681

179 185 5
259 638 310 689

145 234 14
258 1015 325 1042

7 50 145
260 286 311 348

12 75 162
265 450 315 521

112 56 5
266 189 324 301

75 117 16
266 1150 373 1218

118 141 7
267 1195 333 1255

152 84 165
271 1438 352 1499

227 101 185
271 466 315 526

201 90 139
272 1044 323 1086

130 95 24
274 201 314 285

108 110 203
273 780 311 835

158 255 92
274 826 328 870

234 161 100
275 906 317 951

34 166 112
275 924 338 974

151 182 224
275 1265 334 1303

37 189 44
277 378 318 448

121 98 162
281 336 327 390

222 27 58
282 202 318 293

56 166 29
282 506 367 688

152 191 230
281 581 335 659

6 138 104
282 841 326 899

5 231 212
285 702 313 778

166 75 115
286 973 356 1029

76 187 93
291 1162 370 1260

2 156 127
292 889 332 960

191 200 23
294 386 340 450

33 106 60
294 692 328 779

61 164 181
295 774 334 836

227 193 147
296 1005 339 1088

162 168 204
298 676 356 779

45 16 100
298 1273 481 1499

20 229 106
299 418 390 711

95 88 111
299 768 354 839

26 181 21
301 622 349 687

182 52 97
302 289 328 382

126 75 99
304 1355 379 1499

232 135 34
306 213 333 368

140 60 67
308 452 392 712

78 208 128
309 373 346 433

246 156 100
310 1246 414 1393

6 0 6
311 1221 411 1356

235 106 51
312 831 352 938

67 217 71
314 232 394 472

248 238 166
313 184 392 225

45 79 193
317 193 402 447

120 178 119
318 906 364 988

0 212 246
323 762 360 835

60 23 222
323 848 399 1066

12 152 107
324 466 389 695

168 252 185
324 704 392 773

168 2 175
324 1210 411 1319

18 54 181
325 567 473 1287

235 125 161
327 1392 432 1499

217 36 228
327 344 350 416

40 229 221
330 326 369 435

218 92 10
332 739 403 1073

174 82 130
334 1040 396 1114

198 49 130
334 1085 402 1142

94 156 191
336 714 395 766

90 85 203
336 987 397 1066

92 4 116
338 477 363 578

146 185 28
338 686 381 715

16 90 47
339 741 415 1239

52 63 26
340 494 375 600

25 28 244
340 1041 383 1101

117 38 28
345 753 375 812

200 168 247
346 196 405 261

249 43 165
349 175 414 211

149 234 107
349 1032 400 1074

234 181 201
353 220 412 571

238 41 35
353 787 396 975

167 70 128
353 1053 408 1090

2 117 18
358 444 384 507

65 143 34
360 0 499 227

93 131 86
363 199 448 536

131 160 111
365 224 412 325

43 151 229
365 826 397 1008

86 60 173
372 1071 403 1109

64 168 166
374 533 417 596

246 113 59
377 576 406 639

31 149 37
383 315 433 540

101 21 19
386 623 437 679

218 39 186
388 1167 436 1312

106 74 188
390 1143 428 1191

237 160 253
391 662 456 896

141 16 90
392 583 426 638

36 245 221
396 207 454 256

97 162 9
397 216 477 637

9 72 95
397 1153 458 1325

122 131 160
404 185 499 743

15 168 150
414 912 454 990

36 187 181
418 620 499 1060

76 117 27
418 983 478 1155

150 50 245
419 1156 475 1350

54 47 95
423 1330 499 1499

70 138 77
424 1159 499 1371

59 103 218
424 497 458 561

221 112 255
427 973 499 1155

37 208 96
428 749 458 852

168 112 105
440 692 497 992

80 6 227
445 1039 473 1151

11 187 243
445 1152 499 1201

129 214 23
448 1197 494 1318

179 204 99
457 532 499 637

226 43 249
458 733 499 1005

108 120 48
460 1193 499 1273

212 83 118
471 1039 499 1097

68 82 178
471 1274 499 1369

20 178 143
477 1159 499 1214

132 27 181
479 853 499 921

138 254 93
488 1242 499 1346


45
1 2 3 4 5 6 7 8 9 10 11 12 13 14 15 16 17 19 23 24 29 61 96 115 121 180 195 219 224 241 262 278 280 283 284 286 290 292 293 294 295 296 297 298 299 

299
1 1
2  
2 8
1  3  23  118  131  162  163  167  
3 7
2  4  27  62  82  103  118  
4 20
3  5  6  7  8  18  25  26  27  33  34  36  37  38  41  45  46  50  56  60  
5 1
4  
6 1
4  
7 1
4  
8 12
4  9  10  21  22  43  48  49  52  54  57  75  
9 2
8  10  
10 4
8  9  11  21  
11 8
10  12  14  21  30  76  77  93  
12 3
11  13  20  
13 2
12  20  
14 3
11  15  30  
15 6
14  16  17  29  30  42  
16 2
15  17  
17 4
15  16  19  29  
18 3
4  26  33  
19 3
17  24  29  
20 2
12  13  
21 7
8  10  11  22  47  55  76  
22 10
8  21  43  47  54  55  73  74  79  89  
23 4
2  121  162  180  
24 2
19  29  
25 4
4  26  28  31  
26 6
4  18  25  31  33  37  
27 4
3  4  28  62  
28 9
25  27  31  32  35  39  44  51  62  
29 6
15  17  19  24  42  61  
30 6
11  14  15  42  61  77  
31 6
25  26  28  35  37  44  
32 4
28  35  39  51  
33 4
4  18  26  37  
34 2
4  36  
35 4
28  31  32  39  
36 5
4  34  38  41  60  
37 7
4  26  31  33  40  41  44  
38 4
4  36  45  60  
39 5
28  32  35  44  51  
40 4
37  41  44  50  
41 6
4  36  37  40  50  60  
42 4
15  29  30  61  
43 3
8  22  54  
44 13
28  31  37  39  40  50  51  53  59  64  65  81  83  
45 6
4  38  46  60  67  100  
46 6
4  45  57  63  67  80  
47 3
21  22  55  
48 5
8  49  52  58  75  
49 4
8  48  54  58  
50 7
4  40  41  44  60  65  66  
51 8
28  32  39  44  53  62  82  83  
52 2
8  48  
53 3
44  51  83  
54 6
8  22  43  49  58  89  
55 6
21  22  47  76  79  102  
56 2
4  57  
57 6
8  46  56  63  75  80  
58 12
48  49  54  71  75  78  84  85  89  106  109  150  
59 6
44  81  83  91  97  112  
60 12
4  36  38  41  45  50  66  69  100  116  132  143  
61 7
29  30  42  77  94  96  101  
62 5
3  27  28  51  82  
63 6
46  57  70  75  80  144  
64 3
44  65  81  
65 6
44  50  64  66  68  81  
66 6
50  60  65  68  69  72  
67 6
45  46  80  100  132  143  
68 4
65  66  72  81  
69 6
60  66  72  81  87  116  
70 2
63  75  
71 4
58  78  89  107  
72 4
66  68  69  81  
73 9
22  74  79  88  89  107  117  125  164  
74 3
22  73  79  
75 8
8  48  57  58  63  70  85  144  
76 7
11  21  55  93  102  111  114  
77 6
11  30  61  93  101  114  
78 5
58  71  84  99  107  
79 7
22  55  73  74  88  102  105  
80 8
46  57  63  67  143  144  153  157  
81 10
44  59  64  65  68  69  72  87  92  97  
82 6
3  51  62  83  90  103  
83 10
44  51  53  59  82  86  90  91  122  126  
84 8
58  78  99  146  150  155  185  202  
85 6
58  75  106  124  133  144  
86 2
83  91  
87 6
69  81  92  95  98  116  
88 6
73  79  104  105  125  147  
89 6
22  54  58  71  73  107  
90 4
82  83  103  122  
91 7
59  83  86  112  127  135  158  
92 6
81  87  95  97  98  123  
93 4
11  76  77  114  
94 5
61  96  101  115  120  
95 6
87  92  98  108  123  128  
96 3
61  94  115  
97 6
59  81  92  112  113  123  
98 5
87  92  95  108  128  
99 4
78  84  107  146  
100 4
45  60  67  132  
101 7
61  77  94  114  115  120  137  
102 6
55  76  79  105  110  111  
103 5
3  82  90  118  122  
104 4
88  105  119  147  
105 6
79  88  102  104  110  119  
106 5
58  85  109  133  136  
107 7
71  73  78  89  99  146  164  
108 5
95  98  116  128  138  
109 4
58  106  136  150  
110 7
102  105  111  139  145  148  149  
111 7
76  102  110  114  149  165  170  
112 6
59  91  97  113  135  142  
113 5
97  112  123  142  172  
114 11
76  77  93  101  111  129  130  137  140  161  165  
115 7
94  96  101  120  195  219  224  
116 8
60  69  87  108  138  143  154  157  
117 2
73  125  
118 6
2  3  103  122  131  141  
119 6
104  105  134  139  147  166  
120 6
94  101  115  137  140  219  
121 1
23  
122 8
83  90  103  118  126  127  141  183  
123 7
92  95  97  113  128  172  178  
124 5
85  133  144  159  168  
125 6
73  88  117  147  164  173  
126 3
83  122  127  
127 6
91  122  126  152  158  183  
128 7
95  98  108  123  138  178  181  
129 3
114  140  161  
130 3
114  137  140  
131 4
2  118  141  163  
132 4
60  67  100  143  
133 6
85  106  124  136  159  160  
134 2
119  139  
135 8
91  112  142  158  172  178  190  205  
136 8
106  109  133  150  151  160  175  177  
137 6
101  114  120  130  140  156  
138 5
108  116  128  154  181  
139 8
110  119  134  148  166  173  184  197  
140 8
114  120  129  130  137  156  161  219  
141 5
118  122  131  163  183  
142 4
112  113  135  172  
143 7
60  67  80  116  132  153  157  
144 8
63  75  80  85  124  157  168  188  
145 8
110  148  149  174  182  184  193  246  
146 6
84  99  107  155  164  185  
147 6
88  104  119  125  166  173  
148 4
110  139  145  184  
149 6
110  111  145  170  193  194  
150 8
58  84  109  136  151  176  201  202  
151 4
136  150  177  201  
152 3
127  158  183  
153 3
80  143  157  
154 9
116  138  157  179  181  191  196  207  208  
155 3
84  146  185  
156 4
137  140  161  219  
157 9
80  116  143  144  153  154  187  188  208  
158 6
91  127  135  152  183  190  
159 7
124  133  160  168  199  210  215  
160 6
133  136  159  175  199  200  
161 7
114  129  140  156  165  203  219  
162 6
2  23  163  167  180  232  
163 8
2  131  141  162  167  183  192  232  
164 8
73  107  125  146  169  173  185  189  
165 8
111  114  161  171  203  212  239  240  
166 4
119  139  147  173  
167 3
2  162  163  
168 7
124  144  159  188  210  215  218  
169 5
164  185  189  211  217  
170 5
111  149  171  194  212  
171 4
165  170  212  240  
172 5
113  123  135  142  178  
173 8
125  139  147  164  166  189  197  217  
174 3
145  182  246  
175 7
136  160  177  200  209  213  230  
176 2
150  202  
177 5
136  151  175  201  213  
178 11
123  128  135  172  186  191  204  205  214  220  227  
179 3
154  196  207  
180 7
23  162  232  256  262  263  275  
181 4
128  138  154  191  
182 6
145  174  193  240  246  251  
183 8
122  127  141  152  158  163  190  192  
184 6
139  145  148  197  217  246  
185 7
84  146  155  164  169  202  211  
186 2
178  204  
187 3
157  188  208  
188 7
144  157  168  187  208  218  222  
189 4
164  169  173  217  
190 6
135  158  183  192  205  223  
191 5
154  178  181  196  220  
192 7
163  183  190  198  206  223  232  
193 6
145  149  182  194  212  240  
194 4
149  170  193  212  
195 2
115  224  
196 5
154  179  191  207  220  
197 4
139  173  184  217  
198 2
192  206  
199 5
159  160  200  215  216  
200 8
160  175  199  209  216  221  230  235  
201 5
150  151  177  202  213  
202 8
84  150  176  185  201  211  213  234  
203 6
161  165  219  228  229  239  
204 3
178  186  214  
205 5
135  178  190  223  227  
206 5
192  198  223  225  232  
207 8
154  179  196  208  220  222  226  250  
208 6
154  157  187  188  207  222  
209 3
175  200  230  
210 3
159  168  215  
211 6
169  185  202  217  234  248  
212 7
165  170  171  193  194  240  251  
213 6
175  177  201  202  230  234  
214 4
178  204  220  227  
215 5
159  168  199  210  218  
216 4
199  200  218  221  
217 8
169  173  184  189  197  211  245  248  
218 8
168  188  215  216  221  222  238  250  
219 14
115  120  140  156  161  203  224  228  229  241  271  277  282  283  
220 11
178  191  196  207  214  226  227  231  237  238  250  
221 5
200  216  218  235  238  
222 5
188  207  208  218  250  
223 6
190  192  205  206  225  242  
224 4
115  195  219  241  
225 6
206  223  231  232  233  242  
226 6
207  220  231  237  238  240  
227 6
178  205  214  220  231  242  
228 4
203  219  229  271  
229 5
203  219  228  239  271  
230 8
175  200  209  213  234  235  236  244  
231 9
220  225  226  227  233  237  242  243  261  
232 9
162  163  180  192  206  225  233  255  263  
233 6
225  231  232  255  258  261  
234 6
202  211  213  230  236  248  
235 6
200  221  230  244  247  254  
236 5
230  234  244  248  257  
237 7
220  226  231  240  249  252  261  
238 7
218  220  221  226  240  247  250  
239 5
165  203  229  240  271  
240 27
165  171  182  193  212  226  237  238  239  244  247  251  252  258  259  267  268  270  271  272  273  277  279  280  281  282  290  
241 2
219  224  
242 5
223  225  227  231  243  
243 2
231  242  
244 11
230  235  236  240  247  251  254  257  259  260  265  
245 5
217  246  248  253  266  
246 7
145  174  182  184  245  251  266  
247 5
235  238  240  244  254  
248 7
211  217  234  236  245  253  257  
249 4
237  252  258  261  
250 5
207  218  220  222  238  
251 9
182  212  240  244  246  259  260  265  266  
252 4
237  240  249  258  
253 5
245  248  257  260  266  
254 3
235  244  247  
255 6
232  233  258  263  264  276  
256 4
180  262  275  278  
257 5
236  244  248  253  260  
258 9
233  240  249  252  255  261  264  267  269  
259 4
240  244  251  265  
260 5
244  251  253  257  266  
261 5
231  233  237  249  258  
262 3
180  256  278  
263 7
180  232  255  264  269  275  276  
264 4
255  258  263  269  
265 3
244  251  259  
266 5
245  246  251  253  260  
267 6
240  258  268  269  274  276  
268 4
240  267  270  274  
269 5
258  263  264  267  276  
270 5
240  268  273  274  280  
271 7
219  228  229  239  240  272  277  
272 3
240  271  277  
273 4
240  270  280  287  
274 5
267  268  270  276  280  
275 5
180  256  263  276  278  
276 9
255  263  267  269  274  275  278  280  285  
277 5
219  240  271  272  282  
278 9
256  262  275  276  280  285  288  292  293  
279 4
240  280  281  286  
280 12
240  270  273  274  276  278  279  286  287  288  293  295  
281 5
240  279  286  289  290  
282 6
219  240  277  283  284  290  
283 3
219  282  284  
284 6
282  283  290  291  296  299  
285 2
276  278  
286 6
279  280  281  289  290  295  
287 2
273  280  
288 3
278  280  293  
289 2
281  286  
290 7
240  281  282  284  286  291  297  
291 5
284  290  294  297  299  
292 1
278  
293 4
278  280  288  298  
294 3
291  297  299  
295 2
280  286  
296 2
284  299  
297 3
290  291  294  
298 1
293  
299 4
284  291  294  296  

0
