49
164 224 194
0 0 6 1033

150 244 108
0 1034 2 1496

52 27 229
1 989 42 1058

160 143 100
1 0 588 1496

115 107 105
2 28 2 654

82 72 14
59 405 97 451

23 80 222
69 625 113 647

128 147 35
81 1422 121 1474

1 203 99
82 243 522 963

130 68 121
86 1423 162 1496

98 6 35
88 249 776 1156

86 114 200
129 1399 173 1458

114 87 94
154 119 226 183

1 187 146
158 1121 310 1451

108 36 50
198 946 223 1013

180 51 166
211 953 294 1042

4 17 248
229 1020 602 1496

151 52 15
272 1371 341 1496

99 152 143
298 24 342 65

167 17 144
331 404 353 441

173 52 19
359 0 545 331

31 252 117
372 509 415 540

118 90 204
434 450 467 509

50 237 62
457 392 503 434

86 31 63
458 704 495 730

137 197 171
461 1442 503 1496

155 190 96
461 714 537 777

207 205 100
488 1208 506 1269

103 93 252
495 0 708 300

120 237 95
503 1210 524 1268

173 0 6
505 1290 531 1370

169 118 179
507 1371 527 1411

4 66 210
552 902 579 925

241 128 72
555 1081 786 1496

16 191 122
561 1071 585 1100

214 106 209
571 270 790 716

148 202 90
596 221 676 297

97 47 245
668 1099 707 1135

190 43 197
672 0 899 725

172 138 44
700 1077 734 1103

172 144 165
707 772 793 1106

34 67 82
718 700 904 797

100 21 251
727 968 772 1194

228 93 255
731 777 898 1496

163 216 240
793 770 871 797

14 169 1
867 0 908 1496

216 3 215
892 942 894 1103

7 249 107
898 0 1012 1496

50 190 204
1013 0 1013 1496


15
1 2 4 10 17 18 21 26 29 34 39 44 46 48 49 

49
1 4
2  3  4  5  
2 2
1  4  
3 2
1  4  
4 24
1  2  3  5  6  7  8  9  10  11  12  13  14  15  16  17  18  19  21  26  28  30  31  32  
5 2
1  4  
6 1
4  
7 2
4  9  
8 2
4  10  
9 4
4  7  11  21  
10 3
4  8  12  
11 21
4  9  15  16  17  20  21  22  23  24  25  27  29  33  34  35  36  38  40  41  42  
12 2
4  10  
13 1
4  
14 1
4  
15 3
4  11  16  
16 4
4  11  15  17  
17 4
4  11  16  34  
18 1
4  
19 1
4  
20 1
11  
21 4
4  9  11  29  
22 1
11  
23 1
11  
24 1
11  
25 2
11  27  
26 1
4  
27 2
11  25  
28 2
4  30  
29 5
11  21  36  37  39  
30 2
4  28  
31 2
4  32  
32 2
4  31  
33 1
11  
34 7
11  17  38  40  41  43  44  
35 1
11  
36 5
11  29  37  39  42  
37 2
29  36  
38 2
11  34  
39 4
29  36  42  46  
40 3
11  34  41  
41 7
11  34  40  42  43  44  45  
42 6
11  36  39  41  45  46  
43 3
34  41  44  
44 6
34  41  43  45  46  47  
45 3
41  42  44  
46 5
39  42  44  47  48  
47 2
44  46  
48 2
46  49  
49 1
48  

0
