299
164 224 194
0 0 430 334

150 244 108
0 84 311 207

52 27 229
0 233 278 566

160 143 100
0 296 226 351

115 107 105
0 340 135 357

82 72 14
0 374 99 472

23 80 222
0 394 86 515

128 147 35
0 415 49 492

1 203 99
0 497 50 789

130 68 121
0 763 92 857

98 6 35
0 850 59 940

86 114 200
0 871 64 943

114 87 94
0 931 63 983

1 187 146
0 949 78 1089

108 36 50
0 1080 96 1126

180 51 166
0 1114 105 1142

4 17 248
0 1135 93 1202

151 52 15
0 1162 53 1215

99 152 143
0 1174 92 1230

167 17 144
0 1220 76 1343

173 52 19
0 1229 66 1309

31 252 117
0 1169 162 1436

118 90 204
0 1398 155 1443

50 237 62
0 1433 164 1541

86 31 63
6 1456 104 1500

137 197 171
7 91 256 200

155 190 96
11 1405 127 1436

207 205 100
15 1502 95 1541

103 93 252
17 45 97 101

120 237 95
26 500 94 821

173 0 6
30 1293 198 1387

169 118 179
31 501 86 799

4 66 210
37 137 143 188

241 128 72
38 438 99 564

16 191 122
38 1140 118 1173

214 106 209
47 1218 167 1335

148 202 90
49 523 149 721

97 47 245
53 196 130 228

190 43 197
57 830 191 945

172 138 44
56 926 135 1002

172 144 165
55 983 194 1084

34 67 82
56 1001 110 1077

100 21 251
57 691 136 813

228 93 255
60 0 237 17

163 216 240
61 966 152 1048

14 169 1
67 456 112 565

216 3 215
70 668 164 780

7 249 107
69 773 168 859

50 190 204
72 18 375 138

188 234 139
72 804 137 883

76 143 55
74 1064 194 1149

143 225 227
75 1183 196 1300

164 221 6
80 205 182 269

2 220 106
82 1473 144 1532

218 205 79
88 649 182 696

131 206 242
95 372 174 476

134 165 0
93 1040 188 1121

127 16 217
96 573 164 661

61 220 224
97 1135 224 1208

40 103 19
99 670 227 762

183 158 207
103 1312 216 1351

153 130 28
105 906 236 1026

118 136 171
107 38 244 111

82 242 80
108 741 171 792

31 65 82
110 985 301 1142

237 52 44
112 876 203 904

146 52 175
115 204 257 296

162 13 53
113 451 186 645

127 238 181
116 25 239 88

230 1 242
123 522 174 655

133 208 26
126 79 326 173

7 236 210
130 772 194 834

143 152 107
129 832 206 886

129 232 225
131 1232 171 1313

195 58 51
131 1381 193 1478

247 102 83
134 376 217 490

43 21 64
134 934 206 988

57 74 211
134 1447 164 1541

39 255 117
136 1063 225 1114

40 242 244
139 37 410 185

248 12 219
152 1148 205 1230

229 222 96
152 1218 232 1263

125 73 103
155 579 259 664

101 42 246
156 514 210 616

159 94 119
157 1204 234 1318

5 177 58
162 434 249 582

26 241 49
162 1142 262 1541

100 196 93
161 984 230 1062

100 58 150
164 756 286 878

86 46 189
162 823 261 883

98 9 229
164 1321 216 1445

65 105 221
165 387 261 484

138 208 194
164 1137 270 1489

181 198 63
169 1134 265 1341

19 62 164
176 207 257 290

196 120 67
177 336 306 399

181 170 72
177 636 232 685

122 7 98
177 700 297 782

180 157 199
179 748 268 800

226 90 43
180 1095 270 1142

236 63 129
182 969 264 1045

85 28 227
183 896 286 990

38 223 36
185 662 315 710

236 30 175
186 1057 355 1114

42 195 100
187 560 240 634

163 6 119
195 940 297 1049

77 79 59
196 372 359 581

84 177 240
196 1357 235 1541

241 120 106
197 0 467 80

75 163 30
198 863 413 1013

138 36 1
202 111 322 175

166 8 237
204 296 360 394

133 44 66
207 1145 289 1541

164 219 104
207 773 278 822

103 63 85
211 614 349 683

109 182 127
211 1020 272 1076

188 241 34
221 521 364 628

110 226 111
231 369 360 443

230 76 195
232 856 332 909

138 107 180
236 1115 307 1219

174 108 255
242 501 350 568

182 89 137
247 466 414 525

227 155 48
249 423 374 469

190 4 181
249 779 393 898

254 89 89
251 694 349 747

180 216 192
251 1009 375 1099

166 251 46
254 900 351 944

136 106 234
258 977 406 1048

212 46 88
258 1120 306 1541

63 226 63
259 374 408 438

171 226 201
260 1037 336 1091

4 107 119
263 537 386 617

160 155 46
263 720 398 768

164 81 17
264 205 400 302

253 170 207
265 760 395 799

213 107 205
268 59 339 109

208 153 130
269 208 419 296

59 131 40
269 1211 323 1541

105 220 176
274 647 389 701

75 27 132
276 610 445 672

45 228 196
280 941 389 1026

153 91 111
282 291 371 396

52 137 116
284 800 428 852

133 154 20
285 593 376 631

48 106 184
295 270 479 452

155 55 181
296 974 389 1033

52 185 138
299 1082 416 1541

183 225 91
302 467 517 539

147 145 150
301 1130 334 1312

174 22 255
303 283 397 333

146 218 74
306 835 387 877

238 73 120
306 916 421 979

119 189 17
312 703 422 777

18 209 69
315 1043 414 1092

124 137 203
316 273 450 400

179 62 251
319 185 398 244

109 201 150
319 882 413 942

78 36 202
324 439 473 471

224 186 129
334 1098 376 1390

246 185 21
338 46 419 152

208 3 195
338 607 655 794

25 123 86
340 1015 538 1080

215 140 68
341 988 471 1056

168 210 187
350 501 409 606

50 157 205
353 468 447 513

112 152 73
359 829 509 917

57 46 253
360 651 499 737

93 248 106
364 85 433 236

23 121 184
366 269 730 445

208 142 152
370 937 514 1041

212 82 142
370 722 517 835

79 168 94
374 762 475 818

220 236 120
376 356 494 457

174 167 79
377 490 458 636

75 117 247
378 53 414 141

227 190 41
388 15 467 277

17 187 154
390 886 499 986

9 37 211
394 1054 508 1541

130 222 49
396 976 470 1032

17 118 72
406 727 588 852

99 5 25
411 848 512 911

11 99 237
413 595 501 679

247 219 60
417 803 521 862

158 42 24
418 745 587 877

19 34 198
419 476 502 560

210 75 17
422 0 533 269

141 229 244
426 1263 499 1492

179 185 5
427 13 474 231

145 234 14
428 526 496 588

7 50 145
435 918 524 983

12 75 162
438 821 522 871

112 56 5
441 379 540 473

75 117 16
446 879 546 937

118 141 7
451 560 548 676

152 84 165
455 0 560 268

227 101 185
466 0 584 266

201 90 139
466 1064 517 1541

130 95 24
471 347 745 474

108 110 203
473 0 531 153

158 255 92
473 0 615 266

234 161 100
473 1111 514 1541

34 166 112
474 514 538 581

151 182 224
475 1068 655 1541

37 189 44
476 306 701 425

121 98 162
475 872 719 1039

222 27 58
477 929 667 1038

56 166 29
480 1002 862 1541

152 191 230
483 472 574 661

6 138 104
497 907 604 999

5 231 212
509 836 566 917

166 75 115
510 0 634 270

76 187 93
513 988 619 1062

2 156 127
515 587 680 807

191 200 23
520 364 600 469

33 106 60
523 566 892 839

61 164 181
529 461 664 549

227 193 147
529 916 607 983

162 168 204
540 0 690 276

45 16 100
543 528 643 649

20 229 106
547 43 688 276

95 88 111
549 757 718 918

26 181 21
552 71 684 276

182 52 97
569 466 631 542

126 75 99
574 523 637 616

232 135 34
586 1025 636 1095

140 60 67
587 481 821 607

78 208 128
588 736 644 796

246 156 100
590 829 755 963

6 0 6
595 960 807 1025

235 106 51
612 277 813 361

67 217 71
625 464 825 552

248 238 166
633 1051 814 1541

45 79 193
634 371 675 459

120 178 119
647 693 694 780

0 212 246
648 956 804 1001

60 23 222
654 0 697 277

12 152 107
654 971 815 1084

168 252 185
664 761 710 836

168 2 175
665 0 785 278

18 54 181
667 574 773 710

235 125 161
685 587 765 787

217 36 228
687 593 774 893

40 229 221
689 1460 746 1541

218 92 10
696 868 785 919

174 82 130
696 931 813 976

198 49 130
700 0 854 287

94 156 191
705 904 913 947

90 85 203
708 913 983 1054

92 4 116
710 351 816 466

146 185 28
710 354 748 465

16 90 47
715 145 783 274

52 63 26
718 0 840 151

25 28 244
718 543 918 601

117 38 28
725 468 849 543

200 168 247
745 611 903 938

249 43 165
747 921 1001 1090

149 234 107
757 276 812 339

234 181 201
758 614 912 940

238 41 35
760 710 831 914

167 70 128
764 175 1017 594

2 117 18
764 605 925 953

65 143 34
765 575 946 961

93 131 86
769 0 868 265

131 160 111
784 383 887 480

43 151 229
795 0 915 264

86 60 173
795 992 1017 1538

64 168 166
797 935 964 1047

246 113 59
798 0 1017 324

31 149 37
800 401 864 478

101 21 19
805 421 861 475

218 39 186
812 951 977 1056

106 74 188
814 957 964 1118

237 160 253
818 468 990 615

141 16 90
818 973 962 1113

36 245 221
829 480 952 606

97 162 9
832 462 1003 558

9 72 95
837 1286 917 1531

122 131 160
848 1237 1017 1495

15 168 150
856 993 950 1109

36 187 181
860 1499 1017 1541

76 117 27
871 479 1013 1028

150 50 245
872 467 951 532

54 47 95
880 734 928 944

70 138 77
901 594 989 848

59 103 218
902 1501 1017 1541

221 112 255
904 573 999 749

37 208 96
917 496 1002 574

168 112 105
930 546 1001 615

80 6 227
932 880 978 1016

11 187 243
936 1053 975 1117

129 214 23
943 0 1017 133

179 204 99
948 1022 1017 1185

226 43 249
950 134 1017 249

108 120 48
961 694 1009 980

212 83 118
972 697 1017 1052

68 82 178
977 789 1017 1057

20 178 143
979 299 1017 518

132 27 181
981 580 1017 731

138 254 93
981 884 1017 1088


68
1 2 3 4 5 6 7 8 9 10 11 12 13 14 15 16 17 18 19 20 21 22 23 24 28 44 78 87 108 109 113 129 138 147 178 186 195 196 197 199 200 201 203 207 211 218 232 236 239 243 246 252 260 263 265 266 268 278 280 285 291 292 293 295 296 297 298 299 

299
1 22
2  3  26  29  33  38  44  49  53  63  67  69  71  80  95  109  112  134  156  160  168  176  
2 2
1  26  
3 11
1  4  5  6  37  46  56  68  76  96  112  
4 1
3  
5 1
3  
6 3
3  7  46  
7 7
6  8  9  30  32  34  46  
8 1
7  
9 3
7  10  30  
10 5
9  11  30  39  50  
11 3
10  12  39  
12 3
11  13  39  
13 5
12  14  39  40  45  
14 6
13  15  41  42  45  51  
15 3
14  16  51  
16 4
15  17  35  51  
17 5
16  18  19  22  35  
18 2
17  19  
19 4
17  18  20  22  
20 3
19  21  22  
21 2
20  22  
22 12
17  19  20  21  23  31  35  36  52  59  75  81  
23 4
22  24  27  75  
24 7
23  25  28  54  75  78  87  
25 1
24  
26 2
1  2  
27 1
23  
28 1
24  
29 1
1  
30 6
7  9  10  32  48  50  
31 5
22  36  61  75  91  
32 7
7  30  34  37  43  47  48  
33 1
1  
34 4
7  32  37  46  
35 5
16  17  22  51  59  
36 5
22  31  52  61  74  
37 9
3  32  34  43  46  47  55  58  68  
38 2
1  53  
39 9
10  11  12  13  40  50  62  66  102  
40 5
13  39  45  62  65  
41 6
14  42  45  57  65  79  
42 4
14  41  51  57  
43 6
32  37  47  48  64  72  
44 1
1  
45 5
13  14  40  41  65  
46 5
3  6  7  34  37  
47 6
32  37  43  55  60  64  
48 7
30  32  43  50  72  73  90  
49 5
1  63  69  71  80  
50 6
10  30  39  48  66  73  
51 8
14  15  16  35  42  57  59  100  
52 7
22  36  59  74  81  82  85  
53 3
1  38  67  
54 2
24  78  
55 6
37  47  58  60  83  97  
56 2
3  76  
57 5
41  42  51  79  100  
58 5
37  55  68  70  83  
59 7
22  35  51  52  81  94  100  
60 8
47  55  64  89  97  98  99  103  
61 6
31  36  74  85  91  94  
62 7
39  40  65  77  88  102  106  
63 4
1  49  69  71  
64 5
43  47  60  72  89  
65 9
40  41  45  62  79  88  100  104  120  
66 5
39  50  73  102  110  
67 3
1  53  95  
68 7
3  37  58  70  76  84  86  
69 3
1  49  63  
70 4
58  68  83  84  
71 5
1  49  63  80  111  
72 5
43  48  64  89  90  
73 5
48  50  66  90  110  
74 5
36  52  61  82  85  
75 7
22  23  24  31  87  91  93  
76 6
3  56  68  86  92  96  
77 4
62  88  101  106  
78 3
24  54  87  
79 4
41  57  65  100  
80 7
1  49  71  111  136  160  168  
81 6
22  52  59  82  85  94  
82 4
52  74  81  85  
83 8
55  58  70  84  97  105  115  117  
84 5
68  70  83  86  105  
85 6
52  61  74  81  82  94  
86 7
68  76  84  92  105  107  117  
87 7
24  75  78  93  108  113  120  
88 6
62  65  77  101  104  116  
89 8
60  64  72  90  99  114  119  124  
90 6
48  72  73  89  110  119  
91 5
31  61  75  93  94  
92 5
76  86  96  107  112  
93 6
75  87  91  94  100  120  
94 7
59  61  81  85  91  93  100  
95 2
1  67  
96 4
3  76  92  112  
97 5
55  60  83  103  115  
98 6
60  99  103  125  133  135  
99 5
60  89  98  114  135  
100 7
51  57  59  65  79  93  94  
101 5
77  88  106  116  131  
102 7
39  62  66  106  110  128  141  
103 7
60  97  98  115  125  139  140  
104 7
65  88  116  120  126  131  147  
105 4
83  84  86  117  
106 7
62  77  101  102  126  128  131  
107 10
86  92  112  117  118  121  122  123  142  158  
108 2
87  113  
109 3
1  176  186  
110 10
66  73  90  102  119  127  141  152  163  179  
111 2
71  80  
112 6
1  3  92  96  107  142  
113 4
87  108  120  129  
114 4
89  99  124  135  
115 6
83  97  103  117  140  144  
116 4
88  101  104  131  
117 10
83  86  105  107  115  121  132  144  148  164  
118 5
107  123  130  142  155  
119 6
89  90  110  124  127  157  
120 8
65  87  93  104  113  129  147  149  
121 4
107  117  122  148  
122 4
107  121  148  158  
123 5
107  118  130  145  158  
124 9
89  114  119  135  143  151  157  166  172  
125 6
98  103  133  139  153  161  
126 7
104  106  128  131  147  154  162  
127 4
110  119  152  157  
128 7
102  106  126  141  146  162  163  
129 5
113  120  138  147  149  
130 4
118  123  145  155  
131 5
101  104  106  116  126  
132 5
117  140  144  164  174  
133 5
98  125  135  153  172  
134 4
1  137  142  176  
135 6
98  99  114  124  133  172  
136 1
80  
137 5
134  142  150  155  176  
138 2
129  147  
139 5
103  125  140  161  167  
140 8
103  115  132  139  144  167  174  182  
141 5
102  110  128  146  163  
142 7
107  112  118  134  137  150  155  
143 5
124  151  166  172  183  
144 4
115  117  132  140  
145 8
123  130  155  158  169  173  176  186  
146 3
128  141  163  
147 9
104  120  126  129  138  149  154  159  178  
148 11
117  121  122  158  164  165  174  185  192  198  208  
149 3
120  129  147  
150 3
137  142  155  
151 3
124  143  166  
152 5
110  127  157  170  179  
153 5
125  133  161  171  172  
154 4
126  147  162  178  
155 7
118  130  137  142  145  150  176  
156 1
1  
157 7
119  124  127  152  166  170  177  
158 7
107  122  123  145  148  173  192  
159 1
147  
160 5
1  80  168  175  176  
161 12
125  139  153  167  171  180  182  194  208  213  215  219  
162 11
126  128  154  163  170  178  197  205  206  207  212  
163 7
110  128  141  146  162  170  179  
164 4
117  132  148  174  
165 3
148  174  185  
166 10
124  143  151  157  177  181  183  191  193  210  
167 4
139  140  161  182  
168 4
1  80  160  176  
169 11
145  173  186  198  204  211  218  220  222  230  236  
170 9
152  157  162  163  177  179  190  205  209  
171 6
153  161  172  180  183  184  
172 7
124  133  135  143  153  171  183  
173 5
145  158  169  192  204  
174 9
132  140  148  164  165  182  185  189  194  
175 2
160  176  
176 10
1  109  134  137  145  155  160  168  175  186  
177 5
157  166  170  190  209  
178 6
147  154  162  187  197  201  
179 4
110  152  163  170  
180 5
161  171  184  215  221  
181 3
166  193  210  
182 5
140  161  167  174  194  
183 7
143  166  171  172  184  191  210  
184 5
171  180  183  210  221  
185 6
148  165  174  189  202  208  
186 8
109  145  169  176  188  195  199  211  
187 1
178  
188 1
186  
189 4
174  185  194  202  
190 4
170  177  193  209  
191 3
166  183  210  
192 5
148  158  173  198  204  
193 5
166  181  190  209  210  
194 6
161  174  182  189  202  208  
195 5
186  196  199  200  211  
196 2
195  200  
197 5
162  178  201  203  207  
198 12
148  169  192  204  208  214  216  230  231  233  249  250  
199 2
186  195  
200 3
195  196  211  
201 2
178  197  
202 4
185  189  194  208  
203 2
197  207  
204 4
169  173  192  198  
205 8
162  170  206  209  217  228  235  245  
206 5
162  205  212  229  235  
207 11
162  197  203  212  225  229  232  237  266  277  280  
208 8
148  161  185  194  198  202  216  219  
209 9
170  177  190  193  205  210  217  221  228  
210 8
166  181  183  184  191  193  209  221  
211 5
169  186  195  200  218  
212 5
162  206  207  225  229  
213 6
161  215  219  226  227  234  
214 2
198  216  
215 10
161  180  213  221  226  234  240  241  253  262  
216 7
198  208  214  219  223  224  231  
217 3
205  209  228  
218 4
169  211  220  236  
219 6
161  208  213  216  224  226  
220 3
169  218  222  
221 9
180  184  209  210  215  228  238  241  242  
222 2
169  220  
223 4
216  224  226  231  
224 4
216  219  223  226  
225 3
207  212  229  
226 7
213  215  219  223  224  231  253  
227 1
213  
228 8
205  209  217  221  242  244  245  247  
229 7
206  207  212  225  235  237  245  
230 8
169  198  236  239  246  249  257  260  
231 8
198  216  223  226  249  250  253  254  
232 2
207  243  
233 1
198  
234 2
213  215  
235 4
205  206  229  245  
236 4
169  218  230  239  
237 6
207  229  245  256  266  271  
238 1
221  
239 4
230  236  246  252  
240 4
215  241  255  262  
241 5
215  221  240  242  255  
242 6
221  228  241  244  255  259  
243 1
232  
244 4
228  242  247  259  
245 8
205  228  229  235  237  247  256  267  
246 7
230  239  251  252  257  260  263  
247 8
228  244  245  248  255  256  259  261  
248 8
247  256  261  262  281  289  295  296  
249 5
198  230  231  250  260  
250 3
198  231  249  
251 1
246  
252 2
239  246  
253 8
215  226  231  254  262  273  281  284  
254 7
231  253  260  264  269  270  273  
255 8
240  241  242  247  258  259  261  262  
256 9
237  245  247  248  267  271  290  292  296  
257 3
230  246  260  
258 2
255  261  
259 4
242  244  247  255  
260 13
230  246  249  254  257  264  268  269  273  276  281  297  298  
261 5
247  248  255  258  262  
262 9
215  240  248  253  255  261  281  283  289  
263 2
246  265  
264 5
254  260  269  270  273  
265 2
263  268  
266 10
207  237  271  272  274  277  278  280  290  292  
267 3
245  256  271  
268 4
260  265  291  293  
269 4
254  260  264  270  
270 3
254  264  269  
271 7
237  256  266  267  272  274  290  
272 4
266  271  274  290  
273 10
253  254  260  264  275  276  284  286  287  288  
274 4
266  271  272  279  
275 3
273  276  287  
276 6
260  273  275  281  282  287  
277 3
207  266  280  
278 1
266  
279 1
274  
280 4
207  266  277  285  
281 14
248  253  260  262  276  283  284  286  287  288  289  294  295  298  
282 1
276  
283 2
262  281  
284 5
253  273  281  286  294  
285 1
280  
286 4
273  281  284  288  
287 5
273  275  276  281  288  
288 4
273  281  286  287  
289 3
248  262  281  
290 5
256  266  271  272  292  
291 1
268  
292 5
256  266  290  296  299  
293 1
268  
294 4
281  284  295  298  
295 5
248  281  294  296  298  
296 5
248  256  292  295  299  
297 1
260  
298 4
260  281  294  295  
299 2
292  296  

0
