298
164 224 194
0 0 729 999

150 244 108
48 580 260 840

52 27 229
52 622 61 673

160 143 100
55 530 72 645

115 107 105
56 388 174 549

82 72 14
61 641 74 702

23 80 222
62 630 81 708

128 147 35
63 451 202 707

1 203 99
63 504 80 544

130 68 121
77 472 101 521

98 6 35
76 704 169 808

86 114 200
78 682 95 717

114 87 94
79 451 101 494

1 187 146
80 517 362 839

108 36 50
92 723 155 786

180 51 166
96 422 144 480

4 17 248
99 398 211 509

151 52 15
100 726 123 753

99 152 143
115 396 165 437

167 17 144
115 737 146 776

173 52 19
131 774 177 809

31 252 117
139 394 175 421

118 90 204
141 402 175 438

50 237 62
143 494 173 545

86 31 63
146 369 208 402

137 197 171
146 775 207 824

155 190 96
151 544 189 565

207 205 100
153 531 190 551

103 93 252
158 479 208 533

120 237 95
163 115 244 245

173 0 6
163 75 621 401

169 118 179
163 528 202 548

4 66 210
166 513 208 533

241 128 72
170 274 199 309

16 191 122
171 379 213 400

214 106 209
172 793 223 831

148 202 90
173 237 628 806

97 47 245
174 189 216 280

190 43 197
178 298 413 389

172 138 44
180 291 204 322

172 144 165
180 497 218 521

34 67 82
181 463 214 483

100 21 251
183 129 240 203

228 93 255
183 385 214 400

163 216 240
185 251 206 284

14 169 1
186 477 213 505

216 3 215
191 65 601 375

7 249 107
194 237 219 256

50 190 204
198 349 438 407

188 234 139
204 151 247 190

76 143 55
204 817 241 832

143 225 227
213 86 302 172

164 221 6
214 270 625 804

2 220 106
216 223 243 247

218 205 79
217 108 278 167

131 206 242
218 330 263 348

134 165 0
232 95 273 132

127 16 217
235 660 262 675

61 220 224
235 693 258 716

40 103 19
239 224 268 244

183 158 207
244 359 355 388

153 130 28
243 837 325 842

118 136 171
247 702 284 732

82 242 80
251 669 305 700

31 65 82
253 322 295 354

237 52 44
254 696 279 710

146 52 175
255 215 271 232

162 13 53
255 420 424 746

127 238 181
256 653 294 676

230 1 242
259 681 285 699

133 208 26
260 720 287 740

7 236 210
263 651 301 671

143 152 107
263 832 353 852

129 232 225
266 75 312 102

195 58 51
269 426 438 723

247 102 83
270 195 299 223

43 21 64
273 234 329 265

57 74 211
273 705 307 725

39 255 117
275 693 330 722

40 242 244
277 669 310 690

248 12 219
278 74 329 103

229 222 96
279 45 420 89

125 73 103
282 213 311 236

101 42 246
280 720 308 737

159 94 119
286 676 342 716

5 177 58
292 655 319 679

26 241 49
294 237 350 287

100 196 93
297 441 439 602

100 58 150
296 678 321 697

86 46 189
299 55 456 96

98 9 229
300 715 330 732

65 105 221
301 138 334 160

138 208 194
303 774 352 806

181 198 63
307 777 353 794

19 62 164
308 672 338 701

196 120 67
309 799 367 819

181 170 72
310 663 347 701

122 7 98
311 792 341 804

180 157 199
313 657 335 676

226 90 43
314 759 366 780

236 63 129
327 72 354 85

85 28 227
328 308 614 460

38 223 36
327 822 357 834

236 30 175
329 103 352 136

42 195 100
329 536 356 567

163 6 119
332 253 366 318

77 79 59
334 453 432 554

84 177 240
336 786 377 805

241 120 106
343 870 382 925

75 163 30
344 832 369 888

138 36 1
343 764 391 791

166 8 237
344 41 723 988

133 44 66
346 145 371 190

164 219 104
346 780 380 796

103 63 85
352 856 375 890

109 182 127
354 262 383 314

188 241 34
354 860 370 881

110 226 111
356 796 420 835

230 76 195
356 838 395 912

138 107 180
356 905 423 920

174 108 255
357 192 409 220

182 89 137
360 81 402 150

227 155 48
360 733 397 775

190 4 181
361 367 434 385

254 89 89
362 171 416 214

180 216 192
364 204 407 223

166 251 46
364 820 397 842

136 106 234
366 220 398 261

212 46 88
367 461 458 616

63 226 63
369 52 441 64

171 226 201
370 45 451 59

4 107 119
372 322 533 382

160 155 46
373 770 418 811

164 81 17
375 855 463 910

253 170 207
376 244 385 273

213 107 205
375 698 433 763

208 153 130
377 441 447 461

59 131 40
377 884 400 910

105 220 176
384 832 420 870

75 27 132
385 462 455 599

45 228 196
385 719 424 759

153 91 111
385 750 406 792

52 137 116
387 222 437 244

133 154 20
389 232 416 281

48 106 184
389 837 480 888

155 55 181
390 208 442 234

52 185 138
391 237 418 291

183 225 91
390 822 503 836

147 145 150
394 836 473 869

174 22 255
396 737 415 781

146 218 74
396 799 516 829

238 73 120
398 83 456 183

119 189 17
400 317 432 350

18 209 69
403 249 430 273

124 137 203
403 461 454 549

179 62 251
405 660 484 805

109 201 150
407 197 434 222

78 36 202
414 662 435 707

224 186 129
416 128 487 201

246 185 21
416 804 505 824

208 3 195
416 865 440 895

25 123 86
417 63 713 985

215 140 68
420 458 450 491

168 210 187
420 844 446 870

50 157 205
423 596 443 676

112 152 73
426 45 569 100

57 46 253
426 250 451 288

93 248 106
426 464 451 510

23 121 184
425 218 510 272

208 142 152
427 274 449 300

212 82 142
429 602 466 636

79 168 94
434 48 504 64

220 236 120
434 170 555 219

174 167 79
435 455 453 481

75 117 247
436 623 511 671

227 190 41
439 89 626 392

17 187 154
439 54 619 329

9 37 211
443 613 479 635

130 222 49
446 415 664 549

17 118 72
446 428 671 577

99 5 25
447 433 566 461

11 99 237
448 441 606 490

247 219 60
448 448 558 477

158 42 24
448 679 468 721

19 34 198
451 265 479 285

210 75 17
451 294 486 313

141 229 244
451 475 470 525

179 185 5
450 462 537 611

145 234 14
452 327 606 424

7 50 145
453 668 555 806

12 75 162
454 595 480 617

112 56 5
460 247 544 291

75 117 16
459 641 504 665

118 141 7
461 351 595 417

152 84 165
465 103 487 135

227 101 185
465 474 631 750

201 90 139
472 356 592 411

130 95 24
473 411 645 506

108 110 203
474 827 583 974

158 255 92
476 662 505 689

234 161 100
479 576 520 606

34 166 112
480 834 502 855

151 182 224
483 410 640 498

37 189 44
486 370 583 414

121 98 162
488 96 525 130

222 27 58
489 407 631 485

56 166 29
490 61 615 176

152 191 230
494 728 579 776

6 138 104
494 768 595 820

5 231 212
496 610 544 633

166 75 115
497 768 603 832

76 187 93
497 814 558 881

2 156 127
500 221 555 267

191 200 23
500 395 557 411

33 106 60
505 292 587 355

61 164 181
508 754 615 813

227 193 147
510 457 620 536

162 168 204
511 598 557 612

45 16 100
514 880 612 983

20 229 106
521 824 562 911

95 88 111
522 641 548 654

26 181 21
522 762 553 787

182 52 97
525 516 648 659

126 75 99
525 674 608 740

232 135 34
531 772 552 788

140 60 67
538 819 551 859

78 208 128
540 538 566 565

246 156 100
541 237 574 265

6 0 6
541 394 591 444

235 106 51
543 589 592 602

67 217 71
547 792 580 832

248 238 166
548 779 605 881

45 79 193
551 381 583 421

120 178 119
554 189 582 204

0 212 246
555 639 639 700

60 23 222
556 859 567 898

12 152 107
562 371 625 426

168 252 185
562 673 616 697

168 2 175
563 796 615 951

18 54 181
565 374 667 559

235 125 161
567 80 706 758

217 36 228
569 304 627 388

40 229 221
571 835 617 970

218 92 10
573 381 625 447

174 82 130
575 705 638 764

198 49 130
581 751 625 798

94 156 191
582 135 602 170

90 85 203
589 99 701 801

92 4 116
590 488 632 518

146 185 28
594 106 679 398

16 90 47
592 756 676 970

52 63 26
596 390 626 458

25 28 244
601 208 617 265

117 38 28
600 318 620 364

200 168 247
600 806 650 955

249 43 165
603 118 676 474

149 234 107
605 428 657 529

234 181 201
605 488 648 532

238 41 35
606 127 630 258

167 70 128
605 763 615 809

2 117 18
607 125 641 248

65 143 34
610 780 624 895

93 131 86
613 743 634 808

131 160 111
615 457 640 494

43 151 229
615 588 674 758

86 60 173
616 140 636 224

64 168 166
616 367 645 431

246 113 59
616 791 647 914

31 149 37
618 148 633 228

101 21 19
619 297 636 388

218 39 186
618 514 642 534

106 74 188
619 520 654 574

237 160 253
619 783 630 888

141 16 90
620 763 639 879

36 245 221
621 285 675 597

97 162 9
621 718 650 781

9 72 95
623 410 649 488

122 131 160
624 278 651 415

15 168 150
624 644 651 724

36 187 181
626 268 678 629

76 117 27
627 379 672 573

150 50 245
628 219 680 622

54 47 95
631 171 685 689

70 138 77
631 222 682 637

59 103 218
634 616 667 718

221 112 255
635 718 656 789

37 208 96
637 246 650 341

168 112 105
638 558 665 639

80 6 227
638 737 657 794

11 187 243
643 723 670 813

129 214 23
645 536 672 590

179 204 99
647 716 675 823

226 43 249
648 342 688 719

108 120 48
651 607 670 651

212 83 118
653 465 691 740

68 82 178
664 372 695 731

20 178 143
671 388 697 720

132 27 181
674 245 693 360


1
1 

298
1 18
2  3  4  5  6  25  30  31  37  57  62  73  74  82  109  110  112  131  
2 12
1  3  6  7  11  14  15  21  26  36  51  62  
3 4
1  2  4  6  
4 7
1  3  5  6  7  8  9  
5 10
1  4  9  10  13  16  19  22  25  35  
6 5
1  2  3  4  7  
7 6
2  4  6  8  11  12  
8 10
4  7  9  10  12  14  16  17  24  27  
9 4
4  5  8  10  
10 5
5  8  9  13  16  
11 7
2  7  12  14  15  18  21  
12 4
7  8  11  14  
13 3
5  10  16  
14 32
2  8  11  12  18  20  26  27  28  29  32  33  36  37  41  51  58  59  62  63  64  69  70  71  72  73  84  93  96  98  103  118  
15 6
2  11  18  20  21  26  
16 7
5  8  10  13  17  19  23  
17 11
8  16  22  23  24  29  35  37  42  44  46  
18 4
11  14  15  20  
19 4
5  16  22  23  
20 4
14  15  18  26  
21 4
2  11  15  26  
22 5
5  17  19  23  35  
23 4
16  17  19  22  
24 6
8  17  27  28  29  32  
25 4
1  5  35  37  
26 6
2  14  15  20  21  36  
27 5
8  14  24  28  32  
28 4
14  24  27  32  
29 7
14  17  24  32  33  41  46  
30 5
1  31  38  43  57  
31 18
1  30  34  37  38  39  49  61  124  132  162  166  176  177  207  215  241  253  
32 6
14  24  27  28  29  33  
33 3
14  29  32  
34 6
31  38  39  40  45  47  
35 6
5  17  22  25  37  44  
36 4
2  14  26  51  
37 26
1  14  17  25  31  35  41  42  44  46  49  53  72  79  84  85  86  91  93  95  97  99  176  259  280  282  
38 8
30  31  34  43  45  47  48  50  
39 8
31  34  40  47  56  61  65  124  
40 3
34  39  47  
41 4
14  29  37  46  
42 3
17  37  46  
43 5
30  38  50  52  57  
44 3
17  35  37  
45 4
34  38  47  48  
46 5
17  29  37  41  42  
47 57
34  38  39  40  45  48  50  52  54  55  56  60  65  67  76  77  81  83  87  90  92  104  106  113  116  121  122  124  125  126  128  132  135  143  144  146  147  152  153  154  157  159  167  169  170  172  173  177  185  186  192  195  205  213  215  228  234  
48 3
38  45  47  
49 2
31  37  
50 5
38  43  47  52  55  
51 3
2  14  36  
52 7
43  47  50  55  57  74  81  
53 16
37  68  75  88  93  100  102  105  123  179  180  242  270  275  278  280  
54 1
47  
55 3
47  50  52  
56 3
39  47  65  
57 5
1  30  43  52  74  
58 3
14  64  69  
59 3
14  63  66  
60 2
47  67  
61 2
31  39  
62 4
1  2  14  73  
63 6
14  59  66  71  78  84  
64 7
14  58  69  70  79  80  85  
65 3
39  47  56  
66 5
59  63  70  78  79  
67 3
47  60  76  
68 4
53  75  123  136  
69 5
14  58  64  72  80  
70 4
14  64  66  79  
71 4
14  63  78  84  
72 5
14  37  69  80  86  
73 5
1  14  62  103  110  
74 5
1  52  57  81  82  
75 7
53  68  88  136  156  158  165  
76 2
47  67  
77 1
47  
78 6
63  66  71  79  84  91  
79 7
37  64  66  70  78  85  91  
80 7
64  69  72  85  86  89  95  
81 5
47  52  74  82  90  
82 5
1  74  81  90  131  
83 1
47  
84 6
14  37  63  71  78  91  
85 6
37  64  79  80  89  95  
86 6
37  72  80  95  97  99  
87 1
47  
88 6
53  75  102  107  129  165  
89 3
80  85  95  
90 7
47  81  82  101  130  131  172  
91 4
37  78  79  84  
92 1
47  
93 7
14  37  53  94  98  100  111  
94 4
93  98  108  114  
95 6
37  80  85  86  89  97  
96 4
14  98  108  118  
97 4
37  86  95  99  
98 5
14  93  94  96  108  
99 3
37  86  97  
100 4
53  93  111  123  
101 1
90  
102 11
53  88  107  129  137  179  180  189  194  242  254  
103 4
14  73  110  118  
104 1
47  
105 1
53  
106 1
47  
107 3
88  102  129  
108 6
94  96  98  114  118  133  
109 7
1  110  112  115  119  120  134  
110 8
1  73  103  109  115  118  119  127  
111 6
93  100  114  123  133  142  
112 7
1  109  120  131  162  166  298  
113 1
47  
114 4
94  108  111  133  
115 4
109  110  117  119  
116 1
47  
117 1
115  
118 9
14  96  103  108  110  127  133  148  151  
119 7
109  110  115  127  134  139  145  
120 5
109  112  134  138  162  
121 4
47  125  126  157  
122 1
47  
123 7
53  68  100  111  136  141  142  
124 4
31  39  47  132  
125 3
47  121  152  
126 5
47  121  128  146  157  
127 5
110  118  119  139  148  
128 5
47  126  143  144  146  
129 9
88  102  107  137  140  165  171  188  191  
130 3
90  131  172  
131 7
1  82  90  112  130  166  172  
132 5
31  47  124  177  215  
133 7
108  111  114  118  142  151  156  
134 8
109  119  120  138  145  161  162  164  
135 1
47  
136 6
68  75  123  141  156  158  
137 10
102  129  140  155  163  174  180  181  182  183  
138 2
120  134  
139 5
119  127  145  148  149  
140 4
129  137  155  188  
141 5
123  136  142  150  156  
142 6
111  123  133  141  150  156  
143 5
47  128  144  146  169  
144 4
47  128  143  147  
145 9
119  134  139  148  149  162  164  199  202  
146 7
47  126  128  143  157  169  173  
147 3
47  144  154  
148 9
118  127  139  145  149  151  202  211  212  
149 3
139  145  148  
150 3
141  142  156  
151 7
118  133  148  156  160  209  211  
152 2
47  125  
153 1
47  
154 3
47  147  167  
155 6
137  140  163  168  187  188  
156 14
75  133  136  141  142  150  151  158  160  165  175  184  190  200  
157 5
47  121  126  146  159  
158 3
75  136  156  
159 2
47  157  
160 4
151  156  190  209  
161 2
134  164  
162 11
31  112  120  134  145  166  199  219  241  251  298  
163 5
137  155  168  174  187  
164 3
134  145  161  
165 6
75  88  129  156  171  175  
166 7
31  112  131  162  172  177  207  
167 2
47  154  
168 3
155  163  187  
169 5
47  143  146  173  192  
170 1
47  
171 5
129  165  175  178  191  
172 7
47  90  130  131  166  177  207  
173 3
47  146  169  
174 4
137  163  183  187  
175 7
156  165  171  178  193  196  200  
176 8
31  37  241  248  250  256  259  261  
177 9
31  47  132  166  172  207  215  247  253  
178 4
171  175  191  196  
179 9
53  102  180  189  194  198  203  240  257  
180 12
53  102  137  179  181  182  240  258  272  275  281  291  
181 3
137  180  182  
182 6
137  180  181  183  217  258  
183 6
137  174  182  187  188  217  
184 1
156  
185 1
47  
186 1
47  
187 6
155  163  168  174  183  188  
188 8
129  140  155  183  187  191  196  217  
189 6
102  179  194  197  242  254  
190 9
156  160  196  200  208  209  216  222  225  
191 5
129  171  178  188  196  
192 2
47  169  
193 3
175  196  200  
194 6
102  179  189  197  198  242  
195 1
47  
196 20
175  178  188  190  191  193  200  201  208  210  217  218  221  223  224  227  235  238  245  279  
197 7
189  194  198  203  204  206  242  
198 6
179  194  197  203  206  257  
199 7
145  162  202  212  219  220  239  
200 5
156  175  190  193  196  
201 1
196  
202 4
145  148  199  212  
203 6
179  197  198  206  257  264  
204 6
197  206  214  229  233  242  
205 1
47  
206 9
197  198  203  204  229  244  252  257  264  
207 4
31  166  172  177  
208 5
190  196  216  222  245  
209 5
151  160  190  211  216  
210 2
196  218  
211 8
148  151  209  212  216  231  232  246  
212 10
148  199  202  211  219  220  226  231  232  236  
213 2
47  228  
214 2
204  229  
215 4
31  47  132  177  
216 8
190  208  209  211  225  245  246  265  
217 9
182  183  188  196  223  249  258  271  272  
218 4
196  210  223  230  
219 9
162  199  212  220  236  239  243  251  255  
220 4
199  212  219  226  
221 1
196  
222 3
190  208  225  
223 10
196  217  218  227  230  235  272  279  285  288  
224 1
196  
225 3
190  216  222  
226 2
212  220  
227 2
196  223  
228 2
47  213  
229 7
204  206  214  233  237  240  244  
230 2
218  223  
231 3
211  212  232  
232 6
211  212  231  236  239  246  
233 4
204  229  237  242  
234 1
47  
235 4
196  223  238  279  
236 4
212  219  232  239  
237 5
229  233  240  242  267  
238 2
196  235  
239 7
199  219  232  236  243  260  262  
240 9
179  180  229  237  244  257  267  277  281  
241 5
31  162  176  248  251  
242 11
53  102  189  194  197  204  233  237  254  267  270  
243 5
219  239  255  262  268  
244 5
206  229  240  252  277  
245 5
196  208  216  265  279  
246 7
211  216  232  260  263  265  276  
247 1
177  
248 6
176  241  250  251  292  297  
249 3
217  258  271  
250 5
176  248  256  296  297  
251 6
162  219  241  248  255  292  
252 4
206  244  257  277  
253 2
31  177  
254 3
102  189  242  
255 6
219  243  251  268  290  292  
256 7
176  250  261  287  293  295  296  
257 8
179  198  203  206  240  252  264  277  
258 6
180  182  217  249  271  272  
259 6
37  176  261  266  269  282  
260 4
239  246  262  263  
261 6
176  256  259  266  283  287  
262 6
239  243  260  263  268  273  
263 6
246  260  262  265  273  276  
264 3
203  206  257  
265 15
216  245  246  263  275  276  279  280  283  284  285  288  291  293  294  
266 6
259  261  269  282  283  284  
267 5
237  240  242  270  281  
268 7
243  255  262  273  274  289  290  
269 3
259  266  282  
270 5
53  242  267  275  281  
271 4
217  249  258  272  
272 7
180  217  223  258  271  288  291  
273 4
262  263  268  274  
274 5
268  273  276  286  289  
275 8
53  180  265  270  278  280  281  291  
276 6
246  263  265  274  286  293  
277 4
240  244  252  257  
278 3
53  275  280  
279 6
196  223  235  245  265  285  
280 7
37  53  265  275  278  282  284  
281 5
180  240  267  270  275  
282 6
37  259  266  269  280  284  
283 6
261  265  266  284  287  293  
284 5
265  266  280  282  283  
285 5
223  265  279  288  294  
286 5
274  276  289  293  295  
287 3
256  261  283  
288 6
223  265  272  285  291  294  
289 5
268  274  286  290  295  
290 6
255  268  289  292  295  296  
291 5
180  265  272  275  288  
292 6
248  251  255  290  296  297  
293 6
256  265  276  283  286  295  
294 3
265  285  288  
295 6
256  286  289  290  293  296  
296 6
250  256  290  292  295  297  
297 4
248  250  292  296  
298 2
112  162  

0
