299
164 224 194
0 0 258 1279

150 244 108
141 519 184 549

52 27 229
146 555 179 594

160 143 100
148 491 199 518

115 107 105
155 497 203 544

82 72 14
156 530 194 581

23 80 222
157 432 194 484

128 147 35
166 562 193 598

1 203 99
167 535 270 617

130 68 121
175 538 208 576

98 6 35
184 434 290 527

86 114 200
184 746 265 1279

114 87 94
191 612 215 745

1 187 146
191 762 270 1279

108 36 50
193 521 254 554

180 51 166
196 621 218 738

4 17 248
196 759 276 1279

151 52 15
195 612 235 651

99 152 143
198 0 262 225

167 17 144
198 437 250 471

173 52 19
199 993 241 1216

31 252 117
199 404 242 442

118 90 204
203 994 284 1279

50 237 62
204 626 232 696

86 31 63
205 767 258 1034

137 197 171
206 0 271 270

155 190 96
207 622 337 780

207 205 100
208 764 244 992

103 93 252
208 773 296 1279

120 237 95
210 776 317 1279

173 0 6
212 0 274 268

169 118 179
213 402 276 456

4 66 210
213 775 361 1279

241 128 72
215 0 287 282

16 191 122
214 269 339 431

214 106 209
220 44 265 266

148 202 90
219 582 254 621

97 47 245
222 612 255 641

190 43 197
223 0 304 266

172 138 44
226 7 294 272

172 144 165
230 541 278 574

34 67 82
231 0 341 277

100 21 251
234 494 294 526

228 93 255
238 516 318 616

163 216 240
244 864 348 1044

14 169 1
245 465 440 599

216 3 215
247 735 441 1279

7 249 107
252 592 291 635

50 190 204
264 0 458 423

188 234 139
267 426 295 467

76 143 55
277 586 343 645

143 225 227
280 422 338 491

164 221 6
279 363 317 395

2 220 106
281 669 332 707

218 205 79
283 556 346 593

131 206 242
285 717 608 1279

134 165 0
287 0 593 431

127 16 217
289 347 318 394

61 220 224
294 422 495 504

40 103 19
295 579 398 632

183 158 207
297 482 349 517

153 130 28
305 352 333 393

118 136 171
315 737 623 1080

82 242 80
317 635 370 750

31 65 82
324 561 374 579

237 52 44
325 33 409 92

146 52 175
330 630 481 796

162 13 53
332 498 377 528

127 238 181
345 576 453 637

230 1 242
347 466 418 515

133 208 26
349 498 495 614

7 236 210
351 509 412 545

143 152 107
362 629 538 808

129 232 225
366 483 486 521

195 58 51
383 628 601 827

247 102 83
385 724 506 824

43 21 64
393 801 470 863

57 74 211
404 770 489 836

39 255 117
409 619 476 640

40 242 244
415 574 763 742

248 12 219
415 773 515 844

229 222 96
422 375 580 435

125 73 103
424 0 611 110

101 42 246
428 1110 616 1279

159 94 119
432 599 487 626

5 177 58
432 438 530 483

26 241 49
444 561 515 621

100 196 93
447 514 500 588

100 58 150
454 484 523 505

86 46 189
455 148 715 383

98 9 229
456 408 549 447

65 105 221
469 467 509 484

138 208 194
468 497 538 546

181 198 63
473 462 528 488

19 62 164
472 587 515 617

196 120 67
475 535 513 592

181 170 72
482 365 698 479

122 7 98
486 844 573 880

180 157 199
487 792 668 850

226 90 43
488 824 620 847

236 63 129
491 1164 555 1229

85 28 227
493 523 535 553

38 223 36
495 808 562 837

236 30 175
497 582 537 610

42 195 100
504 538 532 600

163 6 119
507 378 763 490

77 79 59
517 568 551 601

84 177 240
519 473 560 513

241 120 106
519 483 564 524

75 163 30
523 548 569 582

138 36 1
523 602 596 616

166 8 237
525 516 558 546

133 44 66
527 893 687 1143

164 219 104
529 561 603 603

103 63 85
529 723 639 840

109 182 127
533 486 612 512

188 241 34
533 541 610 567

110 226 111
536 802 629 843

230 76 195
545 498 643 556

138 107 180
547 453 800 522

174 108 255
547 505 581 547

182 89 137
548 1072 584 1136

227 155 48
549 939 578 968

190 4 181
556 366 614 385

254 89 89
563 99 630 250

180 216 192
565 514 813 664

166 251 46
567 0 725 356

136 106 234
568 1056 606 1131

212 46 88
571 188 593 229

63 226 63
571 729 696 850

171 226 201
575 1100 633 1216

4 107 119
576 119 608 158

160 155 46
579 0 719 333

164 81 17
580 0 646 165

253 170 207
586 1064 687 1279

213 107 205
588 390 651 408

208 153 130
591 984 631 1034

59 131 40
594 0 710 319

105 220 176
606 1211 631 1279

75 27 132
608 733 831 850

45 228 196
608 360 671 372

153 91 111
609 847 657 953

52 137 116
611 256 667 298

133 154 20
614 511 697 529

48 106 184
621 159 650 213

155 55 181
621 848 696 937

52 185 138
627 425 718 460

183 225 91
634 853 709 1055

147 145 150
638 1085 680 1279

174 22 255
649 726 775 831

146 218 74
650 930 693 984

238 73 120
653 850 704 931

119 189 17
662 356 724 373

18 209 69
665 29 704 134

124 137 203
666 1043 698 1279

179 62 251
668 994 695 1086

109 201 150
670 362 733 385

78 36 202
681 1152 693 1256

224 186 129
682 1073 705 1151

246 185 21
684 1144 700 1256

208 3 195
685 1002 701 1077

25 123 86
690 1156 703 1240

215 140 68
691 984 710 1119

168 210 187
695 1121 709 1176

50 157 205
696 1163 716 1235

112 152 73
695 1232 714 1279

57 46 253
697 238 726 357

93 248 106
697 850 721 939

23 121 184
700 850 752 983

208 142 152
700 1014 724 1107

212 82 142
701 1058 722 1177

79 168 94
705 356 759 380

220 236 120
704 817 852 843

174 167 79
706 954 719 1026

75 117 247
705 1196 729 1279

227 190 41
708 889 731 1028

17 187 154
709 93 733 245

9 37 211
711 1014 747 1183

130 222 49
712 926 797 1235

17 118 72
713 1169 736 1221

99 5 25
714 1225 739 1279

11 99 237
716 852 738 921

247 219 60
717 0 736 104

158 42 24
717 136 730 245

19 34 198
717 239 739 355

210 75 17
720 425 824 501

141 229 244
720 851 758 943

179 185 5
720 356 815 387

145 234 14
723 18 742 265

7 50 145
724 944 981 1279

12 75 162
725 691 831 734

112 56 5
725 720 809 817

75 117 16
726 519 787 549

118 141 7
727 1230 749 1279

152 84 165
728 241 741 303

227 101 185
729 291 755 355

201 90 139
729 369 855 425

130 95 24
729 842 801 987

108 110 203
730 128 743 217

158 255 92
732 0 747 137

234 161 100
735 236 751 318

34 166 112
735 684 774 704

151 182 224
737 443 835 481

37 189 44
738 0 803 157

121 98 162
738 638 845 688

222 27 58
739 149 759 255

56 166 29
741 1082 781 1136

152 191 230
743 113 812 356

6 138 104
743 409 800 449

5 231 212
742 654 855 701

166 75 115
744 908 769 935

76 187 93
746 814 815 830

2 156 127
749 63 778 107

191 200 23
754 550 810 566

33 106 60
757 1246 784 1279

61 164 181
758 69 784 107

227 193 147
758 389 981 467

162 168 204
760 0 949 383

45 16 100
760 422 827 442

20 229 106
761 717 863 796

95 88 111
764 428 807 451

26 181 21
765 773 814 807

182 52 97
766 769 981 827

126 75 99
767 526 808 551

232 135 34
768 468 816 502

140 60 67
771 599 845 650

78 208 128
774 511 822 540

246 156 100
777 814 981 1253

6 0 6
783 541 834 614

235 106 51
789 842 832 895

67 217 71
791 748 840 805

248 238 166
793 484 979 657

45 79 193
797 449 847 507

120 178 119
797 525 910 654

0 212 246
804 705 910 722

60 23 222
805 450 899 513

12 152 107
811 503 962 527

168 252 185
812 714 981 796

168 2 175
814 662 853 706

18 54 181
815 517 870 533

235 125 161
816 822 872 836

217 36 228
818 714 883 762

40 229 221
818 800 878 830

218 92 10
821 0 981 393

174 82 130
822 1183 861 1232

198 49 130
823 667 981 714

94 156 191
823 1035 870 1114

90 85 203
827 1260 863 1279

92 4 116
833 292 859 327

146 185 28
835 380 882 413

16 90 47
835 415 981 519

52 63 26
838 637 902 668

25 28 244
838 672 912 713

117 38 28
842 46 883 122

200 168 247
846 384 923 411

249 43 165
850 429 899 456

149 234 107
855 563 894 614

234 181 201
859 639 981 674

238 41 35
870 546 935 638

167 70 128
872 391 981 438

2 117 18
873 1256 914 1279

65 143 34
874 395 924 412

93 131 86
877 653 981 679

131 160 111
878 122 981 309

43 151 229
878 544 981 639

86 60 173
882 336 943 387

64 168 166
883 388 945 406

246 113 59
883 820 951 855

31 149 37
885 584 981 632

101 21 19
885 708 981 743

218 39 186
886 447 981 496

106 74 188
887 621 981 656

237 160 253
888 792 937 817

141 16 90
889 729 981 779

36 245 221
893 576 949 599

97 162 9
894 721 981 774

9 72 95
896 562 959 589

122 131 160
897 459 980 490

15 168 150
898 775 964 792

36 187 181
901 728 956 766

76 117 27
903 0 937 43

150 50 245
903 493 956 514

54 47 95
903 835 942 968

70 138 77
905 470 949 489

59 103 218
908 804 981 821

221 112 255
909 465 981 514

37 208 96
911 596 981 615

168 112 105
911 795 981 816

80 6 227
912 1187 981 1279

11 187 243
913 659 981 706

129 214 23
918 1064 981 1125

179 204 99
928 577 981 606

226 43 249
937 567 981 592

108 120 48
950 507 981 539

212 83 118
950 530 981 564

68 82 178
950 838 981 875

20 178 143
951 93 973 137

132 27 181
956 312 981 365

138 254 93
957 903 981 949


73
1 12 14 17 19 23 26 29 30 31 33 34 39 42 47 49 56 57 83 84 127 133 134 135 138 139 149 155 166 175 181 183 190 194 200 204 215 217 218 223 228 238 244 246 248 251 258 260 261 263 264 265 269 270 271 272 274 276 281 285 286 287 288 289 290 291 292 293 294 295 296 298 299 

299
1 21
2  3  4  5  6  7  8  9  11  12  13  18  19  20  22  26  27  31  32  34  35  
2 4
1  5  6  10  
3 3
1  8  9  
4 3
1  5  11  
5 7
1  2  4  6  10  11  15  
6 6
1  2  5  8  9  10  
7 2
1  11  
8 4
1  3  6  9  
9 12
1  3  6  8  10  13  15  18  37  38  41  44  
10 5
2  5  6  9  15  
11 12
1  4  5  7  15  20  32  43  44  46  50  52  
12 5
1  14  17  27  28  
13 6
1  9  16  18  24  27  
14 2
12  17  
15 5
5  9  10  11  44  
16 4
13  18  24  27  
17 5
12  14  21  23  28  
18 7
1  9  13  16  24  27  38  
19 2
1  26  
20 4
1  11  22  32  
21 3
17  23  25  
22 3
1  20  32  
23 4
17  21  25  29  
24 4
13  16  18  27  
25 6
21  23  27  28  29  30  
26 4
1  19  31  34  
27 17
1  12  13  16  18  24  25  28  29  33  38  47  48  51  54  56  64  
28 4
12  17  25  27  
29 5
23  25  27  30  33  
30 3
25  29  33  
31 3
1  26  34  
32 6
1  11  20  22  35  50  
33 5
27  29  30  45  47  
34 9
1  26  31  35  36  39  40  42  49  
35 10
1  32  34  49  50  52  53  58  59  62  
36 3
34  39  40  
37 4
9  38  44  48  
38 5
9  18  27  37  48  
39 4
34  36  40  42  
40 4
34  36  39  42  
41 2
9  44  
42 4
34  39  40  49  
43 3
11  44  46  
44 9
9  11  15  37  41  43  46  48  55  
45 2
33  47  
46 12
11  43  44  52  55  61  65  68  69  71  72  85  
47 4
27  33  45  56  
48 6
27  37  38  44  51  55  
49 7
34  35  42  52  57  59  62  
50 4
11  32  35  52  
51 6
27  48  55  60  64  67  
52 7
11  35  46  49  50  59  61  
53 2
35  58  
54 2
27  64  
55 6
44  46  48  51  60  65  
56 9
27  47  63  64  84  113  122  128  131  
57 9
49  59  66  82  83  90  125  129  132  
58 3
35  53  62  
59 13
35  49  52  57  61  68  70  74  82  86  91  92  94  
60 6
51  55  65  67  69  73  
61 4
46  52  59  68  
62 3
35  49  58  
63 11
56  64  67  76  77  78  81  98  100  113  142  
64 6
27  51  54  56  63  67  
65 4
46  55  60  69  
66 1
57  
67 6
51  60  63  64  73  76  
68 6
46  59  61  70  72  74  
69 8
46  60  65  73  75  79  80  85  
70 4
59  68  72  74  
71 9
46  72  74  85  87  88  89  93  96  
72 5
46  68  70  71  74  
73 7
60  67  69  75  76  99  103  
74 7
59  68  70  71  72  89  92  
75 7
69  73  79  80  99  115  118  
76 9
63  67  73  77  78  81  99  100  103  
77 3
63  76  78  
78 4
63  76  77  81  
79 4
69  75  80  85  
80 18
69  75  79  85  87  95  104  111  114  115  126  130  140  150  191  202  205  210  
81 5
63  76  78  98  100  
82 6
57  59  90  91  97  124  
83 3
57  125  134  
84 4
56  101  131  139  
85 6
46  69  71  79  80  87  
86 5
59  91  94  97  108  
87 6
71  80  85  88  95  96  
88 5
71  87  93  96  102  
89 6
71  74  92  93  94  108  
90 10
57  82  124  125  127  133  134  141  153  167  
91 4
59  82  86  97  
92 4
59  74  89  94  
93 7
71  88  89  102  108  109  112  
94 5
59  86  89  92  108  
95 4
80  87  96  104  
96 7
71  87  88  95  102  104  105  
97 10
82  86  91  106  108  124  136  141  153  157  
98 3
63  81  100  
99 11
73  75  76  100  103  115  118  130  140  142  146  
100 6
63  76  81  98  99  103  
101 1
84  
102 5
88  93  96  105  117  
103 4
73  76  99  100  
104 7
80  95  96  105  107  111  114  
105 6
96  102  104  107  110  117  
106 10
97  108  109  116  120  147  157  186  197  209  
107 4
104  105  110  114  
108 8
86  89  93  94  97  106  109  116  
109 6
93  106  108  112  116  119  
110 5
105  107  114  117  119  
111 3
80  104  114  
112 5
93  109  117  119  121  
113 11
56  63  123  128  131  135  137  142  148  151  155  
114 7
80  104  107  110  111  117  126  
115 5
75  80  99  118  130  
116 5
106  108  109  119  120  
117 8
102  105  110  112  114  119  121  126  
118 3
75  99  115  
119 9
109  110  112  116  117  120  121  126  144  
120 10
106  116  119  126  144  186  193  227  232  233  
121 3
112  117  119  
122 3
56  128  131  
123 1
113  
124 4
82  90  97  141  
125 7
57  83  90  129  132  133  134  
126 12
80  114  117  119  120  144  193  205  214  224  226  229  
127 6
90  133  138  167  177  183  
128 4
56  113  122  131  
129 2
57  125  
130 6
80  99  115  140  146  150  
131 7
56  84  113  122  128  135  139  
132 2
57  125  
133 7
90  125  127  134  138  145  154  
134 4
83  90  125  133  
135 6
113  131  139  149  155  158  
136 1
97  
137 1
113  
138 5
127  133  143  145  154  
139 3
84  131  135  
140 12
80  99  130  146  150  152  168  169  173  198  228  230  
141 4
90  97  124  153  
142 5
63  99  113  146  148  
143 1
138  
144 3
119  120  126  
145 2
133  138  
146 6
99  130  140  142  148  152  
147 1
106  
148 11
113  142  146  151  152  155  156  163  168  169  174  
149 1
135  
150 7
80  130  140  173  191  192  212  
151 2
113  148  
152 4
140  146  148  168  
153 6
90  97  141  157  167  172  
154 2
133  138  
155 8
113  135  148  156  158  159  160  166  
156 5
148  155  159  161  163  
157 6
97  106  153  172  188  197  
158 3
135  155  160  
159 6
155  156  160  163  164  171  
160 6
155  158  159  162  164  166  
161 2
156  163  
162 4
160  164  165  166  
163 7
148  156  159  161  170  171  174  
164 5
159  160  162  165  171  
165 6
162  164  166  171  175  180  
166 5
155  160  162  165  175  
167 6
90  127  153  172  177  185  
168 4
140  148  152  169  
169 8
140  148  168  174  176  182  187  198  
170 5
163  171  174  176  178  
171 7
159  163  164  165  170  178  180  
172 7
153  157  167  185  188  196  208  
173 7
140  150  212  223  228  241  243  
174 5
148  163  169  170  176  
175 5
165  166  179  180  181  
176 7
169  170  174  178  179  182  187  
177 6
127  167  183  184  185  189  
178 6
170  171  176  179  180  190  
179 10
175  176  178  180  181  187  190  194  198  228  
180 5
165  171  175  178  179  
181 3
175  179  194  
182 3
169  176  187  
183 4
127  177  189  200  
184 3
177  185  189  
185 7
167  172  177  184  189  195  196  
186 8
106  120  203  209  217  219  221  225  
187 5
169  176  179  182  198  
188 5
157  172  197  208  218  
189 9
177  183  184  185  195  199  200  201  206  
190 10
178  179  194  198  207  215  228  248  261  289  
191 7
80  150  192  202  210  235  239  
192 7
150  191  212  220  222  223  235  
193 4
120  126  224  227  
194 3
179  181  190  
195 4
185  189  196  201  
196 5
172  185  195  201  208  
197 8
106  157  188  209  217  218  219  250  
198 7
140  169  179  187  190  211  228  
199 4
189  200  204  206  
200 4
183  189  199  204  
201 5
189  195  196  206  208  
202 4
80  191  205  210  
203 4
186  217  225  233  
204 7
199  200  206  208  213  216  218  
205 7
80  126  202  210  226  234  252  
206 5
189  199  201  204  208  
207 1
190  
208 7
172  188  196  201  204  206  218  
209 5
106  186  197  219  221  
210 7
80  191  202  205  239  246  252  
211 1
198  
212 4
150  173  192  223  
213 3
204  216  218  
214 3
126  224  229  
215 1
190  
216 3
204  213  218  
217 10
186  197  203  219  233  236  250  251  256  260  
218 10
188  197  204  208  213  216  244  249  250  255  
219 5
186  197  209  217  221  
220 7
192  222  223  231  235  238  242  
221 3
186  209  219  
222 4
192  220  223  231  
223 14
173  192  212  220  222  228  231  238  243  268  273  279  285  288  
224 6
126  193  214  227  229  232  
225 3
186  203  233  
226 4
126  205  229  234  
227 6
120  193  224  232  237  240  
228 17
140  173  179  190  198  223  230  241  243  245  247  268  283  285  291  296  299  
229 6
126  214  224  226  232  234  
230 2
140  228  
231 4
220  222  223  238  
232 16
120  224  227  229  233  234  236  237  240  251  252  258  265  272  294  295  
233 6
120  203  217  225  232  236  
234 11
205  226  229  232  237  240  252  257  259  265  272  
235 9
191  192  220  238  239  242  246  253  270  
236 4
217  232  233  251  
237 6
227  232  234  240  251  294  
238 9
220  223  231  235  242  270  274  276  279  
239 5
191  210  235  246  253  
240 4
227  232  234  237  
241 3
173  228  243  
242 3
220  235  238  
243 4
173  223  228  241  
244 10
218  254  255  260  264  266  267  281  297  298  
245 1
228  
246 9
210  235  239  252  253  258  263  270  290  
247 1
228  
248 1
190  
249 1
218  
250 5
197  217  218  255  260  
251 9
217  232  236  237  256  271  282  286  294  
252 6
205  210  232  234  246  258  
253 4
235  239  246  270  
254 1
244  
255 7
218  244  250  260  262  266  267  
256 2
217  251  
257 3
234  259  265  
258 5
232  246  252  263  272  
259 5
234  257  265  269  272  
260 6
217  244  250  255  262  267  
261 1
190  
262 3
255  260  267  
263 3
246  258  290  
264 1
244  
265 10
232  234  257  259  269  272  275  277  293  295  
266 3
244  255  267  
267 5
244  255  260  262  266  
268 4
223  228  283  285  
269 4
259  265  275  287  
270 6
235  238  246  253  276  280  
271 4
251  278  282  286  
272 5
232  234  258  259  265  
273 3
223  285  288  
274 2
238  276  
275 5
265  269  277  287  292  
276 4
238  270  274  280  
277 4
265  275  292  293  
278 3
271  284  286  
279 2
223  238  
280 2
270  276  
281 1
244  
282 3
251  271  286  
283 2
228  268  
284 2
278  286  
285 5
223  228  268  273  288  
286 6
251  271  278  282  284  294  
287 3
269  275  292  
288 3
223  273  285  
289 1
190  
290 2
246  263  
291 1
228  
292 4
275  277  287  293  
293 3
265  277  292  
294 5
232  237  251  286  295  
295 3
232  265  294  
296 1
228  
297 1
244  
298 1
244  
299 1
228  

0
