299
164 224 194
0 0 699 699

150 244 108
127 314 153 339

52 27 229
129 278 162 312

160 143 100
128 337 152 359

115 107 105
137 352 201 415

82 72 14
141 289 175 314

23 80 222
139 307 217 395

128 147 35
146 274 172 304

1 203 99
145 349 167 373

130 68 121
155 319 191 347

98 6 35
157 413 189 537

86 114 200
159 252 175 297

114 87 94
160 503 173 555

1 187 146
160 453 183 519

108 36 50
164 476 198 525

180 51 166
167 246 199 329

4 17 248
170 556 226 611

151 52 15
171 535 226 604

99 152 143
172 297 202 357

167 17 144
173 516 198 550

173 52 19
176 471 210 522

31 252 117
178 236 211 270

118 90 204
180 254 272 364

50 237 62
179 373 250 427

86 31 63
180 389 218 419

137 197 171
179 409 224 449

155 190 96
181 446 207 481

207 205 100
186 550 240 610

103 93 252
188 480 215 563

120 237 95
194 249 214 272

173 0 6
194 329 221 373

169 118 179
194 418 221 495

4 66 210
196 139 209 183

241 128 72
196 164 231 243

16 191 122
194 357 230 403

214 106 209
203 152 223 190

148 202 90
202 353 236 403

97 47 245
206 527 228 560

190 43 197
207 207 233 230

172 138 44
208 104 258 131

172 144 165
208 495 224 538

34 67 82
209 421 253 529

100 21 251
210 580 242 605

228 93 255
211 121 268 283

163 216 240
208 224 234 258

14 169 1
212 240 235 267

216 3 215
211 249 240 318

7 249 107
214 125 234 184

50 190 204
214 131 225 160

188 234 139
215 436 242 518

76 143 55
216 528 260 607

143 225 227
217 96 247 111

164 221 6
217 601 296 625

2 220 106
218 256 255 332

218 205 79
218 392 251 425

131 206 242
219 523 243 547

134 165 0
220 164 245 268

127 16 217
220 364 266 386

61 220 224
227 350 274 372

40 103 19
229 71 265 100

183 158 207
230 127 247 158

153 130 28
230 269 244 296

118 136 171
229 371 259 424

82 242 80
232 433 261 480

31 65 82
232 495 285 586

237 52 44
233 596 289 620

146 52 175
234 158 275 220

162 13 53
234 473 267 528

127 238 181
235 296 297 352

230 1 242
234 343 285 357

133 208 26
236 121 293 182

7 236 210
236 60 294 82

143 152 107
237 573 292 606

129 232 225
237 71 287 127

195 58 51
239 427 262 480

247 102 83
239 383 259 412

43 21 64
244 280 292 316

57 74 211
245 539 314 590

39 255 117
248 282 279 302

40 242 244
251 215 301 269

248 12 219
251 518 271 553

229 222 96
251 394 287 487

125 73 103
254 320 307 338

101 42 246
254 519 327 595

159 94 119
254 582 305 612

5 177 58
257 183 287 215

26 241 49
255 308 312 330

100 196 93
256 358 290 395

100 58 150
256 262 311 297

86 46 189
262 174 284 199

98 9 229
264 105 322 140

65 105 221
264 365 309 425

138 208 194
265 275 307 291

181 198 63
265 322 507 650

19 62 164
268 62 309 93

196 120 67
268 69 345 110

181 170 72
267 281 308 305

122 7 98
268 348 329 436

180 157 199
268 133 317 157

226 90 43
271 205 312 227

236 63 129
271 325 316 375

85 28 227
271 628 365 634

38 223 36
274 52 330 66

236 30 175
276 188 323 217

42 195 100
278 108 317 127

163 6 119
280 614 360 631

77 79 59
281 549 302 568

84 177 240
282 578 338 622

241 120 106
282 166 307 202

75 163 30
283 307 325 326

138 36 1
285 143 316 173

166 8 237
286 622 371 632

133 44 66
286 58 339 84

164 219 104
288 99 347 125

103 63 85
289 223 331 246

109 182 127
288 267 330 285

188 241 34
289 564 323 589

110 226 111
290 238 338 267

230 76 195
291 118 325 133

138 107 180
291 213 317 229

174 108 255
292 255 330 270

182 89 137
291 297 325 321

227 155 48
291 412 327 439

190 4 181
295 48 357 70

254 89 89
296 433 335 461

180 216 192
298 165 327 194

166 251 46
298 603 363 624

136 106 234
302 324 419 435

212 46 88
304 192 350 212

63 226 63
304 282 333 310

171 226 201
309 155 336 174

4 107 119
309 418 348 472

160 155 46
310 142 347 163

164 81 17
310 171 353 198

253 170 207
311 470 421 576

213 107 205
312 213 349 244

208 153 130
315 86 363 111

59 131 40
316 130 356 153

105 220 176
317 123 351 137

75 27 132
317 278 348 312

45 228 196
318 253 365 271

153 91 111
320 45 445 79

52 137 116
320 310 425 338

133 154 20
321 48 464 95

48 106 184
323 206 363 225

155 55 181
325 270 349 306

52 185 138
329 52 509 141

183 225 91
330 159 371 179

147 145 150
332 82 369 106

174 22 255
333 239 367 258

146 218 74
334 268 370 297

238 73 120
334 66 372 97

119 189 17
335 108 371 127

18 209 69
339 176 367 198

124 137 203
339 195 392 215

179 62 251
340 260 375 276

109 201 150
341 450 370 479

78 36 202
341 124 367 146

224 186 129
342 288 403 324

246 185 21
345 144 383 173

208 3 195
346 224 369 244

25 123 86
351 170 393 197

215 140 68
349 212 383 231

168 210 187
353 118 386 143

50 157 205
351 274 391 306

112 152 73
353 472 406 519

57 46 253
354 101 389 121

93 248 106
354 236 381 255

23 121 184
357 457 385 482

208 142 152
360 154 397 184

212 82 142
360 79 399 99

79 168 94
362 139 410 165

220 236 120
363 253 394 278

174 167 79
363 96 415 132

75 117 247
364 190 395 210

227 190 41
365 225 397 257

17 187 154
365 274 432 308

9 37 211
365 172 397 196

130 222 49
368 70 438 100

17 118 72
371 208 405 222

99 5 25
373 308 457 329

11 99 237
374 54 468 96

247 219 60
373 465 407 486

158 42 24
375 455 426 501

19 34 198
375 217 413 243

210 75 17
378 118 407 134

141 229 244
380 187 418 214

179 185 5
381 374 422 437

145 234 14
382 237 423 284

7 50 145
382 130 423 161

12 75 162
384 92 413 108

112 56 5
385 264 421 290

75 117 16
385 631 455 651

118 141 7
386 505 421 532

152 84 165
387 169 413 195

227 101 185
389 288 434 307

201 90 139
391 205 425 229

130 95 24
392 105 506 164

108 110 203
393 163 425 182

158 255 92
392 311 454 334

234 161 100
395 323 433 346

34 166 112
399 468 435 509

151 182 224
402 150 431 179

37 189 44
405 220 430 241

121 98 162
407 293 428 310

222 27 58
408 92 436 118

56 166 29
410 178 448 215

152 191 230
410 432 456 491

6 138 104
411 243 431 276

5 231 212
413 332 450 354

166 75 115
411 355 456 377

76 187 93
414 101 511 153

2 156 127
416 138 458 179

191 200 23
417 126 483 205

33 106 60
419 90 486 122

61 164 181
419 237 440 262

227 193 147
420 212 445 245

162 168 204
422 169 445 196

45 16 100
423 273 464 307

20 229 106
423 207 513 319

95 88 111
424 388 444 415

26 181 21
426 254 450 283

182 52 97
428 325 460 347

126 75 99
428 525 484 585

232 135 34
429 204 455 235

140 60 67
431 351 463 375

78 208 128
430 372 471 409

246 156 100
436 534 474 564

6 0 6
438 234 455 271

235 106 51
440 300 469 329

67 217 71
441 340 473 356

248 238 166
441 390 487 430

45 79 193
442 166 495 241

120 178 119
444 325 482 349

0 212 246
447 196 510 271

60 23 222
450 276 515 302

12 152 107
453 140 498 175

168 252 185
455 384 484 409

168 2 175
457 284 487 337

18 54 181
456 350 488 388

235 125 161
461 559 513 579

217 36 228
465 402 499 434

40 229 221
466 298 484 347

218 92 10
464 541 506 566

174 82 130
470 425 506 455

198 49 130
472 373 496 401

94 156 191
474 288 511 375

90 85 203
473 346 541 419

92 4 116
473 572 504 594

146 185 28
475 582 528 630

16 90 47
478 148 568 549

52 63 26
477 443 518 537

25 28 244
479 89 572 638

117 38 28
479 229 502 272

200 168 247
481 105 564 435

249 43 165
481 393 542 486

149 234 107
482 197 526 338

234 181 201
484 159 510 212

238 41 35
486 97 563 421

167 70 128
486 102 570 626

2 117 18
486 220 523 319

65 143 34
486 162 525 327

93 131 86
488 226 507 277

131 160 111
487 252 520 307

43 151 229
488 583 526 614

86 60 173
492 115 526 210

64 168 166
493 121 520 277

246 113 59
493 246 515 289

31 149 37
493 583 522 607

101 21 19
495 134 512 177

218 39 186
495 349 559 423

106 74 188
495 444 523 482

237 160 253
496 549 553 582

141 16 90
496 389 529 419

36 245 221
498 545 548 565

97 162 9
499 538 535 552

9 72 95
500 200 514 279

122 131 160
501 571 551 595

15 168 150
501 357 564 555

36 187 181
504 495 524 527

76 117 27
506 527 557 575

150 50 245
507 159 515 221

54 47 95
508 154 517 289

70 138 77
507 478 536 512

59 103 218
510 370 563 543

221 112 255
511 504 535 530

37 208 96
516 514 556 543

168 112 105
517 477 540 507

80 6 227
517 586 556 613

11 187 243
519 566 553 592

129 214 23
520 395 551 450

179 204 99
522 440 553 477

226 43 249
524 388 559 496

108 120 48
528 544 563 599

212 83 118
530 434 553 471

68 82 178
529 466 556 516

20 178 143
531 492 556 528

132 27 181
553 486 559 565

138 254 93
559 458 562 559


1
1 

299
1 35
2  3  4  5  7  8  11  12  13  14  16  17  22  26  33  34  36  40  44  52  53  60  72  94  102  103  106  112  124  142  144  147  182  193  253  
2 3
1  4  7  
3 4
1  6  7  8  
4 5
1  2  5  7  9  
5 6
1  4  7  9  25  26  
6 4
3  7  8  19  
7 13
1  2  3  4  5  6  9  10  19  24  25  35  37  
8 5
1  3  6  12  19  
9 3
4  5  7  
10 2
7  19  
11 5
1  13  14  26  27  
12 4
1  8  16  19  
13 6
1  11  14  15  18  20  
14 6
1  11  13  15  21  27  
15 4
13  14  20  21  
16 6
1  12  19  22  23  31  
17 3
1  18  53  
18 6
13  17  20  28  29  53  
19 8
6  7  8  10  12  16  31  37  
20 4
13  15  18  29  
21 5
14  15  27  29  32  
22 6
1  16  23  30  34  45  
23 9
16  22  30  31  37  47  54  69  70  
24 6
7  25  26  35  42  55  
25 5
5  7  24  26  32  
26 8
1  5  11  24  25  27  32  42  
27 5
11  14  21  26  32  
28 7
18  29  38  43  51  53  66  
29 7
18  20  21  28  32  38  41  
30 4
22  23  45  46  
31 5
16  19  23  37  58  
32 8
21  25  26  27  29  41  42  50  
33 3
1  34  36  
34 7
1  22  33  36  39  45  57  
35 4
7  24  37  55  
36 7
1  33  34  44  48  49  57  
37 9
7  19  23  31  35  55  58  59  63  
38 4
28  29  41  51  
39 3
34  45  57  
40 6
1  44  52  61  71  74  
41 7
29  32  38  42  50  51  56  
42 10
24  26  32  41  50  56  64  68  75  82  
43 3
28  51  66  
44 15
1  36  40  48  49  54  57  61  67  71  77  79  80  89  93  
45 7
22  30  34  39  46  47  57  
46 5
30  45  47  54  57  
47 4
23  45  46  54  
48 4
36  44  49  57  
49 3
36  44  48  
50 3
32  41  42  
51 10
28  38  41  43  56  65  66  68  73  85  
52 4
1  40  60  74  
53 7
1  17  18  28  66  106  108  
54 8
23  44  46  47  57  62  69  77  
55 4
24  35  37  63  
56 4
41  42  51  68  
57 8
34  36  39  44  45  46  48  54  
58 5
31  37  59  63  88  
59 5
37  58  70  88  98  
60 4
1  52  72  74  
61 4
40  44  67  71  
62 1
54  
63 6
37  55  58  76  82  88  
64 3
42  68  75  
65 9
51  68  73  78  81  84  85  94  108  
66 6
28  43  51  53  85  108  
67 6
44  61  71  80  86  100  
68 8
42  51  56  64  65  75  82  94  
69 8
23  54  70  77  83  87  98  101  
70 4
23  59  69  98  
71 10
40  44  61  67  74  90  91  99  109  111  
72 5
1  60  74  95  103  
73 3
51  65  85  
74 8
40  52  60  71  72  91  95  96  
75 4
42  64  68  82  
76 3
63  82  88  
77 8
44  54  69  79  87  97  110  122  
78 4
65  81  84  108  
79 4
44  77  93  97  
80 9
44  67  86  89  100  115  116  118  121  
81 3
65  78  84  
82 8
42  63  68  75  76  88  92  94  
83 3
69  87  101  
84 7
65  78  81  94  107  108  117  
85 5
51  65  66  73  108  
86 5
67  80  90  100  104  
87 6
69  77  83  94  101  110  
88 7
58  59  63  76  82  92  98  
89 6
44  80  93  97  116  130  
90 4
71  86  104  109  
91 8
71  74  96  99  105  119  138  139  
92 5
82  88  94  98  123  
93 5
44  79  89  97  130  
94 49
1  65  68  82  84  87  92  98  101  106  107  108  110  112  117  123  125  127  128  132  135  143  157  166  169  183  184  188  193  194  201  202  208  210  211  221  224  226  227  228  232  244  245  250  252  253  272  276  281  
95 5
72  74  96  103  113  
96 9
74  91  95  105  113  114  137  149  152  
97 6
77  79  89  93  122  130  
98 9
59  69  70  88  92  94  101  123  132  
99 5
71  91  111  133  138  
100 6
67  80  86  104  115  120  
101 6
69  83  87  94  98  110  
102 2
1  112  
103 5
1  72  95  113  124  
104 9
86  90  100  109  120  126  129  136  145  
105 4
91  96  114  119  
106 6
1  53  94  108  112  127  
107 3
84  94  117  
108 9
53  65  66  78  84  85  94  106  127  
109 6
71  90  104  111  126  129  
110 6
77  87  94  101  122  143  
111 7
71  99  109  126  131  133  134  
112 5
1  94  102  106  127  
113 5
95  96  103  124  152  
114 6
96  105  119  137  139  153  
115 5
80  100  118  120  136  
116 6
80  89  121  130  140  146  
117 3
84  94  107  
118 6
80  115  121  136  141  150  
119 4
91  105  114  139  
120 4
100  104  115  136  
121 5
80  116  118  141  146  
122 6
77  97  110  130  140  143  
123 4
92  94  98  132  
124 6
1  103  113  144  147  152  
125 1
94  
126 5
104  109  111  129  134  
127 4
94  106  108  112  
128 1
94  
129 6
104  109  126  134  145  155  
130 6
89  93  97  116  122  140  
131 4
111  133  134  148  
132 4
94  98  123  157  
133 6
99  111  131  138  148  160  
134 7
111  126  129  131  148  154  155  
135 1
94  
136 7
104  115  118  120  145  150  161  
137 5
96  114  149  153  167  
138 6
91  99  133  139  158  160  
139 6
91  114  119  138  153  158  
140 6
116  122  130  143  146  159  
141 7
118  121  146  150  151  156  173  
142 3
1  144  182  
143 8
94  110  122  140  159  181  200  201  
144 5
1  124  142  147  182  
145 6
104  129  136  155  161  163  
146 6
116  121  140  141  151  159  
147 12
1  124  144  152  179  182  212  215  253  255  266  267  
148 8
131  133  134  154  160  162  170  178  
149 5
96  137  152  167  174  
150 6
118  136  141  161  168  173  
151 5
141  146  156  159  165  
152 8
96  113  124  147  149  171  174  179  
153 6
114  137  139  158  164  167  
154 5
134  148  155  162  175  
155 8
129  134  145  154  163  175  180  187  
156 4
141  151  165  173  
157 4
94  132  166  169  
158 6
138  139  153  160  164  172  
159 8
140  143  146  151  165  177  181  200  
160 7
133  138  148  158  170  172  178  
161 6
136  145  150  163  168  176  
162 4
148  154  175  178  
163 6
145  155  161  176  180  185  
164 6
153  158  167  172  186  190  
165 7
151  156  159  173  177  189  192  
166 5
94  157  169  184  194  
167 6
137  149  153  164  174  186  
168 4
150  161  173  176  
169 5
94  157  166  183  184  
170 6
148  160  172  178  195  199  
171 4
152  174  179  191  
172 7
158  160  164  170  190  199  203  
173 8
141  150  156  165  168  176  189  192  
174 8
149  152  167  171  186  190  191  198  
175 6
154  155  162  178  180  187  
176 6
161  163  168  173  185  189  
177 8
159  165  181  192  196  209  219  222  
178 7
148  160  162  170  175  187  195  
179 6
147  152  171  191  206  215  
180 6
155  163  175  185  187  197  
181 10
143  159  177  196  200  205  220  223  230  234  
182 4
1  142  144  147  
183 3
94  169  184  
184 5
94  166  169  183  202  
185 6
163  176  180  189  197  204  
186 4
164  167  174  190  
187 7
155  175  178  180  195  197  207  
188 1
94  
189 9
165  173  176  185  192  204  209  216  217  
190 7
164  172  174  186  198  203  213  
191 5
171  174  179  198  206  
192 5
165  173  177  189  209  
193 2
1  94  
194 2
94  166  
195 5
170  178  187  199  207  
196 4
177  181  205  219  
197 6
180  185  187  204  207  217  
198 10
174  190  191  206  212  213  214  237  258  270  
199 6
170  172  195  203  207  218  
200 6
143  159  181  201  223  234  
201 5
94  143  200  210  223  
202 2
94  184  
203 5
172  190  199  213  218  
204 5
185  189  197  216  217  
205 4
181  196  219  220  
206 5
179  191  198  212  215  
207 9
187  195  197  199  214  217  218  225  233  
208 1
94  
209 5
177  189  192  216  222  
210 5
94  201  223  226  231  
211 3
94  226  227  
212 6
147  198  206  215  267  270  
213 5
190  198  203  214  218  
214 6
198  207  213  218  233  237  
215 4
147  179  206  212  
216 6
189  204  209  217  222  229  
217 8
189  197  204  207  216  225  229  233  
218 5
199  203  207  213  214  
219 5
177  196  205  220  222  
220 14
181  205  219  222  229  230  235  236  239  247  254  263  264  268  
221 1
94  
222 6
177  209  216  219  220  229  
223 6
181  200  201  210  231  234  
224 5
94  228  241  249  250  
225 3
207  217  233  
226 6
94  210  211  227  231  240  
227 7
94  211  226  232  238  240  242  
228 4
94  224  241  244  
229 6
216  217  220  222  233  235  
230 4
181  220  234  239  
231 5
210  223  226  234  240  
232 4
94  227  242  245  
233 8
207  214  217  225  229  235  237  258  
234 10
181  200  223  230  231  239  240  243  247  248  
235 7
220  229  233  258  263  277  282  
236 4
220  263  264  268  
237 4
198  214  233  258  
238 5
227  240  242  246  256  
239 7
220  230  234  243  247  261  264  
240 7
226  227  231  234  238  246  248  
241 6
224  228  244  249  273  278  
242 5
227  232  238  245  256  
243 4
234  239  247  248  
244 6
94  228  241  273  275  276  
245 5
94  232  242  256  272  
246 5
238  240  248  256  274  
247 12
220  234  239  243  248  251  257  261  262  271  279  285  
248 11
234  240  243  246  247  251  274  279  285  291  293  
249 6
224  241  250  265  269  278  
250 10
94  224  249  253  260  265  269  278  289  294  
251 8
247  248  255  257  260  266  271  279  
252 5
94  272  280  281  284  
253 8
1  94  147  250  255  259  260  289  
254 2
220  263  
255 5
147  251  253  260  266  
256 11
238  242  245  246  272  274  288  291  292  295  296  
257 4
247  251  262  266  
258 6
198  233  235  237  270  282  
259 2
253  260  
260 8
250  251  253  255  259  279  289  294  
261 5
239  247  262  264  267  
262 5
247  257  261  266  267  
263 6
220  235  236  254  268  277  
264 6
220  236  239  261  267  283  
265 5
249  250  269  278  289  
266 6
147  251  255  257  262  267  
267 8
147  212  261  262  264  266  270  283  
268 5
220  236  263  277  283  
269 4
249  250  265  278  
270 6
198  212  258  267  282  283  
271 3
247  251  279  
272 6
94  245  252  256  284  288  
273 6
241  244  275  278  281  290  
274 4
246  248  256  291  
275 4
244  273  276  281  
276 4
94  244  275  281  
277 5
235  263  268  282  283  
278 8
241  249  250  265  269  273  290  294  
279 7
247  248  251  260  271  285  294  
280 4
252  281  284  286  
281 11
94  252  273  275  276  280  286  287  290  294  298  
282 5
235  258  270  277  283  
283 6
264  267  268  270  277  282  
284 6
252  272  280  286  288  297  
285 5
247  248  279  293  299  
286 5
280  281  284  287  297  
287 4
281  286  297  298  
288 5
256  272  284  296  297  
289 5
250  253  260  265  294  
290 4
273  278  281  294  
291 5
248  256  274  293  295  
292 4
256  293  295  296  
293 8
248  285  291  292  295  296  298  299  
294 9
250  260  278  279  281  289  290  298  299  
295 4
256  291  292  293  
296 6
256  288  292  293  297  298  
297 6
284  286  287  288  296  298  
298 7
281  287  293  294  296  297  299  
299 4
285  293  294  298  

0
