299
164 224 194
0 0 33 32

150 244 108
0 30 274 78

52 27 229
0 56 66 133

160 143 100
0 74 16 134

115 107 105
0 134 41 220

82 72 14
0 219 77 243

23 80 222
0 226 61 484

128 147 35
0 482 40 545

1 203 99
0 474 87 578

130 68 121
0 559 40 589

98 6 35
0 575 50 615

86 114 200
0 601 55 639

114 87 94
0 632 69 677

1 187 146
0 666 60 736

108 36 50
0 731 38 853

180 51 166
0 752 28 853

4 17 248
1 134 61 168

151 52 15
1 194 124 272

99 152 143
0 467 47 496

167 17 144
4 160 67 196

173 52 19
9 616 101 642

31 252 117
8 682 28 747

118 90 204
10 174 77 205

50 237 62
16 66 55 157

86 31 63
20 0 108 33

137 197 171
21 679 54 759

155 190 96
26 521 110 605

207 205 100
29 777 112 853

103 93 252
30 753 81 794

120 237 95
33 98 100 147

173 0 6
33 625 135 672

169 118 179
33 670 98 733

4 66 210
33 716 83 762

241 128 72
40 309 77 483

16 191 122
41 97 111 144

214 106 209
41 152 130 224

148 202 90
42 500 123 564

97 47 245
45 276 79 324

190 43 197
45 576 104 622

172 138 44
46 676 116 706

172 144 165
48 234 123 282

34 67 82
48 395 59 484

100 21 251
48 640 96 664

228 93 255
51 310 76 365

163 216 240
54 373 61 481

14 169 1
55 77 101 113

216 3 215
59 141 110 162

7 249 107
60 291 97 348

50 190 204
59 57 127 75

188 234 139
62 585 135 602

76 143 55
64 153 156 212

143 225 227
64 657 138 701

164 221 6
63 736 134 785

2 220 106
64 52 183 77

218 205 79
66 188 119 224

131 206 242
65 68 109 104

134 165 0
67 378 77 480

127 16 217
67 769 136 818

61 220 224
67 520 124 573

40 103 19
71 6 222 36

183 158 207
74 557 170 601

153 130 28
75 797 128 836

118 136 171
76 724 147 767

82 242 80
77 473 115 528

31 65 82
77 696 118 737

237 52 44
78 281 118 319

146 52 175
78 388 120 432

162 13 53
77 452 109 482

127 238 181
78 339 118 392

230 1 242
79 366 129 397

133 208 26
80 220 123 266

7 236 210
78 414 114 464

143 152 107
81 277 184 305

129 232 225
84 590 157 614

195 58 51
86 73 150 99

247 102 83
86 333 127 366

43 21 64
87 425 132 449

57 74 211
87 518 140 563

39 255 117
89 480 122 527

40 242 244
92 317 135 366

248 12 219
92 122 139 171

229 222 96
94 609 137 639

125 73 103
97 246 145 283

101 42 246
99 97 141 133

159 94 119
98 644 164 677

5 177 58
99 286 223 442

26 241 49
101 809 142 850

100 196 93
100 446 153 475

100 58 150
103 0 165 19

86 46 189
104 470 176 518

98 9 229
107 755 196 853

65 105 221
110 221 150 261

138 208 194
111 199 152 228

181 198 63
112 708 144 743

19 62 164
111 384 142 449

196 120 67
113 616 165 653

181 170 72
114 538 188 586

122 7 98
114 694 178 732

180 157 199
114 81 165 128

226 90 43
115 510 197 559

236 63 129
128 73 277 97

85 28 227
129 11 218 22

38 223 36
129 135 196 169

236 30 175
128 351 155 448

42 195 100
131 494 228 534

163 6 119
133 144 224 242

77 79 59
132 653 247 721

84 177 240
134 547 180 591

241 120 106
135 597 191 653

75 163 30
136 202 173 252

138 36 1
136 81 252 123

166 8 237
137 256 192 283

133 44 66
138 121 198 160

164 219 104
138 779 198 850

103 63 85
139 741 205 770

109 182 127
140 439 177 500

188 241 34
140 24 223 39

110 226 111
143 364 190 467

230 76 195
143 727 232 770

138 107 180
144 238 213 274

174 108 255
146 583 327 714

182 89 137
147 364 191 444

227 155 48
146 570 189 601

190 4 181
150 307 183 354

254 89 89
153 4 286 20

180 216 192
155 216 192 246

166 251 46
159 53 274 69

136 106 234
160 96 224 130

212 46 88
160 720 230 753

63 226 63
163 0 479 41

171 226 201
164 64 278 78

4 107 119
165 804 231 853

160 155 46
166 262 229 312

164 81 17
166 587 243 635

253 170 207
166 448 212 503

213 107 205
167 296 211 331

208 153 130
168 485 245 540

59 131 40
171 706 309 792

105 220 176
171 763 235 839

75 27 132
172 309 224 355

45 228 196
176 528 248 556

153 91 111
179 249 343 460

52 137 116
180 447 300 481

133 154 20
181 561 221 591

48 106 184
182 547 278 582

155 55 181
183 822 250 853

52 185 138
186 474 231 510

183 225 91
188 223 224 266

147 145 150
188 330 242 363

174 22 255
189 403 300 463

146 218 74
191 132 215 211

238 73 120
192 276 250 318

119 189 17
195 111 274 148

18 209 69
195 460 272 486

124 137 203
196 317 243 340

179 62 251
193 786 248 830

109 201 150
202 560 288 591

78 36 202
202 768 261 812

224 186 129
202 250 252 307

246 185 21
207 127 292 180

208 3 195
206 290 246 325

25 123 86
210 24 342 53

215 140 68
212 258 256 304

168 210 187
212 670 286 706

50 157 205
213 171 251 231

112 152 73
217 241 263 293

57 46 253
217 225 267 270

93 248 106
219 176 259 208

23 121 184
219 741 264 776

208 142 152
219 480 312 511

212 82 142
219 18 313 26

79 168 94
221 135 294 286

220 236 120
224 37 271 55

174 167 79
225 624 352 716

75 117 247
227 496 303 545

227 190 41
228 819 281 848

17 187 154
235 76 306 131

9 37 211
235 522 275 550

130 222 49
237 705 303 756

17 118 72
239 543 276 579

99 5 25
239 801 300 850

11 99 237
240 773 271 810

247 219 60
240 828 296 853

158 42 24
245 88 316 135

19 34 198
245 690 284 727

210 75 17
247 421 358 463

141 229 244
249 190 319 351

179 185 5
252 737 305 778

145 234 14
255 462 310 497

7 50 145
255 316 350 428

12 75 162
260 33 338 60

112 56 5
261 767 346 853

75 117 16
264 509 313 582

118 141 7
267 85 322 124

152 84 165
268 319 324 413

227 101 185
269 524 299 583

201 90 139
269 696 311 751

130 95 24
273 58 368 81

108 110 203
274 581 349 609

158 255 92
275 456 359 481

234 161 100
277 10 365 29

34 166 112
277 139 324 266

151 182 224
279 715 374 789

37 189 44
276 169 307 235

121 98 162
280 213 308 277

222 27 58
279 41 375 65

56 166 29
281 78 370 106

152 191 230
282 678 324 718

6 138 104
289 490 355 528

5 231 212
293 388 353 435

166 75 115
293 122 377 150

76 187 93
294 824 336 853

2 156 127
297 463 365 513

191 200 23
301 97 361 126

33 106 60
300 131 361 167

61 164 181
301 796 356 853

227 193 147
300 760 364 853

162 168 204
304 152 327 233

45 16 100
306 145 479 251

20 229 106
311 498 400 594

95 88 111
318 314 346 403

26 181 21
322 195 479 333

182 52 97
322 586 378 621

126 75 99
325 608 412 716

232 135 34
333 131 434 158

140 60 67
333 286 479 339

78 208 128
333 810 361 853

246 156 100
335 294 479 351

6 0 6
335 300 377 328

235 106 51
337 121 434 151

67 217 71
338 712 376 738

248 238 166
339 299 479 462

45 79 193
341 15 463 45

120 178 119
342 104 410 133

0 212 246
342 290 479 346

60 23 222
344 405 468 484

12 152 107
342 29 479 55

168 252 185
345 54 479 61

168 2 175
347 367 434 416

18 54 181
348 389 419 411

235 125 161
348 774 394 853

217 36 228
352 44 479 51

40 229 221
352 531 421 606

218 92 10
353 58 479 105

174 82 130
354 420 402 454

198 49 130
355 750 419 801

94 156 191
358 443 425 488

90 85 203
360 465 444 513

92 4 116
361 481 448 558

146 185 28
362 523 420 561

16 90 47
363 661 400 740

52 63 26
367 799 399 853

25 28 244
369 601 452 625

117 38 28
369 92 459 112

200 168 247
371 485 448 524

249 43 165
371 406 479 503

149 234 107
373 619 442 665

234 181 201
374 418 479 550

238 41 35
373 561 463 597

167 70 128
374 686 394 786

2 117 18
376 75 443 98

65 143 34
376 579 427 607

93 131 86
378 398 479 481

131 160 111
380 188 437 206

43 151 229
380 499 446 526

86 60 173
383 642 441 733

64 168 166
388 666 433 750

246 113 59
392 3 479 40

31 149 37
392 747 431 789

101 21 19
395 718 448 761

218 39 186
395 792 413 853

106 74 188
397 105 479 165

237 160 253
399 525 458 582

141 16 90
403 629 433 663

36 245 221
403 759 441 787

97 162 9
406 171 479 195

9 72 95
406 570 451 603

122 131 160
405 678 479 755

15 168 150
407 396 479 475

36 187 181
408 795 438 853

76 117 27
418 785 479 826

150 50 245
418 540 476 580

54 47 95
423 794 479 853

70 138 77
427 362 479 429

59 103 218
429 21 479 45

221 112 255
429 823 479 853

37 208 96
431 615 473 688

168 112 105
433 535 479 582

80 6 227
433 738 477 818

11 187 243
436 658 456 733

129 214 23
437 150 479 178

179 204 99
442 597 479 656

226 43 249
445 91 479 141

108 120 48
446 739 479 788

212 83 118
453 575 479 608

68 82 178
454 76 479 107

20 178 143
455 673 472 735

132 27 181
457 780 479 819

138 254 93
463 656 479 736


66
1 2 3 4 5 6 7 8 9 10 11 12 13 14 15 16 19 25 28 89 91 130 132 146 183 192 212 216 217 219 222 226 227 228 232 235 237 238 241 242 244 252 256 258 263 268 271 272 276 278 279 280 281 283 284 285 286 288 291 292 293 294 295 296 298 299 

299
1 2
2  25  
2 13
1  3  25  49  54  56  60  117  127  162  173  191  198  
3 4
2  4  24  46  
4 2
3  5  
5 6
4  6  17  18  20  23  
6 4
5  7  18  41  
7 7
6  9  19  34  38  41  42  
8 2
9  19  
9 11
7  8  10  19  27  34  37  42  45  57  64  
10 3
9  11  27  
11 4
10  12  27  39  
12 4
11  13  21  39  
13 7
12  14  21  31  40  43  52  
14 6
13  15  22  26  32  40  
15 6
14  16  22  26  28  29  
16 1
15  
17 6
5  20  24  30  36  47  
18 7
5  6  23  41  55  71  83  
19 3
7  8  9  
20 4
5  17  23  36  
21 5
12  13  31  39  82  
22 3
14  15  26  
23 5
5  18  20  36  55  
24 5
3  17  30  35  46  
25 4
1  2  60  89  
26 6
14  15  22  29  32  33  
27 8
9  10  11  37  39  50  59  61  
28 6
15  29  58  62  87  91  
29 6
15  26  28  33  53  58  
30 5
17  24  35  47  81  
31 7
13  21  43  52  82  85  96  
32 6
14  26  33  40  63  65  
33 5
26  29  32  53  63  
34 10
7  9  38  42  44  45  48  57  67  69  
35 5
24  30  46  81  84  
36 8
17  20  23  47  51  55  92  93  
37 5
9  27  59  64  78  
38 5
7  34  41  48  66  
39 7
11  12  21  27  50  74  82  
40 6
13  14  32  52  65  98  
41 7
6  7  18  38  66  73  83  
42 4
7  9  34  45  
43 3
13  31  52  
44 2
34  48  
45 3
9  34  42  
46 5
3  24  35  56  84  
47 5
17  30  36  51  81  
48 7
34  38  44  66  69  76  80  
49 4
2  54  56  75  
50 4
27  39  61  74  
51 6
36  47  81  93  106  110  
52 7
13  31  40  43  85  98  107  
53 5
29  33  58  63  91  
54 6
2  49  75  101  127  131  
55 5
18  23  36  71  92  
56 5
2  46  49  75  84  
57 6
9  34  64  67  68  72  
58 6
28  29  53  62  87  91  
59 5
27  37  61  78  97  
60 7
2  25  89  102  117  125  171  
61 8
27  50  59  74  97  108  109  123  
62 3
28  58  87  
63 8
32  33  53  65  91  94  115  119  
64 6
9  37  57  68  78  79  
65 5
32  40  63  94  98  
66 6
38  41  48  73  80  86  
67 7
34  57  69  70  72  77  95  
68 6
57  64  72  79  88  90  
69 5
34  48  67  70  76  
70 5
67  69  76  95  104  
71 4
18  55  83  92  
72 5
57  67  68  77  88  
73 7
41  66  83  86  112  133  136  
74 5
39  50  61  82  109  
75 7
49  54  56  84  99  101  111  
76 4
48  69  70  80  
77 4
67  72  88  95  
78 6
37  59  64  79  97  100  
79 5
64  68  78  90  100  
80 5
48  66  76  86  104  
81 8
30  35  47  51  84  103  106  113  
82 6
21  31  39  74  96  109  
83 7
18  41  71  73  92  112  120  
84 7
35  46  56  75  81  99  113  
85 5
31  52  96  107  121  
86 12
66  73  80  104  118  122  124  136  140  142  149  150  
87 4
28  58  62  91  
88 6
68  72  77  90  95  116  
89 5
25  60  102  125  130  
90 7
68  79  88  100  105  116  137  
91 9
28  53  58  63  87  114  115  132  139  
92 7
36  55  71  83  93  110  120  
93 4
36  51  92  110  
94 4
63  65  98  119  
95 6
67  70  77  88  104  116  
96 5
31  82  85  109  121  
97 8
59  61  78  100  108  123  144  145  
98 7
40  52  65  94  107  119  129  
99 4
75  84  111  113  
100 7
78  79  90  97  105  141  145  
101 5
54  75  111  131  177  
102 3
60  89  125  
103 3
81  106  113  
104 6
70  80  86  95  116  118  
105 4
90  100  137  141  
106 9
51  81  103  110  126  148  151  165  167  
107 8
52  85  98  121  138  164  179  185  
108 3
61  97  123  
109 7
61  74  82  96  121  123  134  
110 6
51  92  93  106  120  126  
111 7
75  99  101  113  128  153  177  
112 5
73  83  120  133  148  
113 8
81  84  99  103  111  128  151  153  
114 3
91  132  139  
115 4
63  91  119  139  
116 7
88  90  95  104  118  135  137  
117 4
2  60  162  171  
118 7
86  104  116  122  135  143  150  
119 7
63  94  98  115  129  158  169  
120 8
83  92  110  112  126  133  148  159  
121 12
85  96  107  109  134  157  164  174  199  208  223  224  
122 4
86  118  142  150  
123 6
61  97  108  109  134  144  
124 3
86  136  140  
125 6
60  89  102  130  171  201  
126 4
106  110  120  148  
127 4
2  54  131  198  
128 3
111  113  153  
129 4
98  119  138  169  
130 6
89  125  201  233  268  285  
131 4
54  101  127  198  
132 5
91  114  139  146  156  
133 7
73  112  120  136  152  159  161  
134 5
109  121  123  144  157  
135 5
116  118  137  143  147  
136 7
73  86  124  133  140  155  161  
137 8
90  105  116  135  141  147  175  178  
138 8
107  129  169  179  182  188  192  217  
139 8
91  114  115  132  146  156  158  176  
140 5
86  124  136  149  155  
141 6
100  105  137  145  178  180  
142 25
86  122  143  149  150  152  155  159  161  163  166  167  172  186  187  190  195  202  221  222  226  228  229  232  235  
143 8
118  135  142  147  150  154  189  200  
144 5
97  123  134  145  157  
145 7
97  100  141  144  157  180  196  
146 5
132  139  156  176  183  
147 6
135  137  143  154  170  175  
148 7
106  112  120  126  159  166  167  
149 4
86  140  142  155  
150 6
86  118  122  142  143  186  
151 5
106  113  153  160  165  
152 4
133  142  159  161  
153 8
111  113  128  151  160  172  177  184  
154 4
143  147  170  189  
155 5
136  140  142  149  161  
156 6
132  139  146  158  176  181  
157 6
121  134  144  145  196  199  
158 6
119  139  156  169  181  182  
159 7
120  133  142  148  152  163  166  
160 6
151  153  165  168  172  184  
161 5
133  136  142  152  155  
162 8
2  117  171  173  191  201  206  237  
163 3
142  159  166  
164 6
107  121  179  185  197  208  
165 6
106  151  160  167  168  172  
166 5
142  148  159  163  167  
167 6
106  142  148  165  166  172  
168 3
160  165  172  
169 5
119  129  138  158  182  
170 5
147  154  175  189  209  
171 5
60  117  125  162  201  
172 11
142  153  160  165  167  168  184  187  202  204  211  
173 3
2  162  191  
174 4
121  203  224  231  
175 7
137  147  170  178  193  196  209  
176 5
139  146  156  181  183  
177 7
101  111  153  184  194  198  207  
178 5
137  141  175  180  196  
179 7
107  138  164  185  188  197  203  
180 4
141  145  178  196  
181 7
156  158  176  182  183  192  212  
182 5
138  158  169  181  192  
183 4
146  176  181  212  
184 6
153  160  172  177  194  211  
185 5
107  164  179  197  203  
186 6
142  150  190  200  210  236  
187 6
142  172  202  204  205  218  
188 4
138  179  203  217  
189 6
143  154  170  200  209  213  
190 8
142  186  195  210  221  232  236  240  
191 5
2  162  173  198  206  
192 6
138  181  182  212  216  217  
193 5
175  196  199  209  220  
194 5
177  184  207  211  214  
195 3
142  190  221  
196 7
145  157  175  178  180  193  199  
197 5
164  179  185  203  208  
198 8
2  127  131  177  191  206  207  244  
199 6
121  157  193  196  220  223  
200 5
143  186  189  213  236  
201 6
125  130  162  171  233  237  
202 9
142  172  187  204  211  215  218  219  222  
203 11
174  179  185  188  197  208  217  231  241  246  260  
204 4
172  187  202  205  
205 2
187  204  
206 6
162  191  198  237  238  244  
207 7
177  194  198  214  234  244  254  
208 4
121  164  197  203  
209 6
170  175  189  193  213  220  
210 3
186  190  236  
211 8
172  184  194  202  214  215  225  230  
212 3
181  183  192  
213 7
189  200  209  220  236  248  249  
214 5
194  207  211  230  234  
215 5
202  211  218  219  225  
216 3
192  217  227  
217 7
138  188  192  203  216  227  241  
218 4
187  202  215  219  
219 9
202  215  218  222  225  264  272  276  291  
220 8
193  199  209  213  223  243  249  250  
221 4
142  190  195  232  
222 4
142  202  219  226  
223 6
121  199  220  224  243  253  
224 10
121  174  223  231  251  253  257  266  267  278  
225 5
211  215  219  230  272  
226 3
142  222  235  
227 2
216  217  
228 4
142  229  232  235  
229 3
142  228  232  
230 5
211  214  225  234  272  
231 5
174  203  224  251  260  
232 9
142  190  221  228  229  239  240  279  284  
233 5
130  201  237  242  285  
234 5
207  214  230  254  272  
235 3
142  226  228  
236 13
186  190  200  210  213  240  245  247  248  249  256  258  263  
237 6
162  201  206  233  238  242  
238 3
206  237  244  
239 3
232  240  279  
240 6
190  232  236  239  263  279  
241 5
203  217  246  252  271  
242 3
233  237  285  
243 7
220  223  250  253  259  262  277  
244 7
198  206  207  238  254  261  296  
245 3
236  247  258  
246 7
203  241  260  269  271  280  281  
247 4
236  245  248  258  
248 6
213  236  247  249  255  258  
249 9
213  220  236  248  250  255  258  265  273  
250 5
220  243  249  259  273  
251 4
224  231  260  267  
252 2
241  271  
253 8
223  224  243  257  262  277  287  292  
254 7
207  234  244  261  272  293  296  
255 4
248  249  258  265  
256 3
236  258  263  
257 6
224  253  266  274  287  290  
258 9
236  245  247  248  249  255  256  273  288  
259 6
243  250  273  277  292  295  
260 6
203  231  246  251  267  269  
261 2
244  254  
262 3
243  253  277  
263 4
236  240  256  279  
264 1
219  
265 2
249  255  
266 6
224  257  267  274  278  290  
267 7
224  251  260  266  269  270  278  
268 2
130  285  
269 6
246  260  267  270  275  281  
270 5
267  269  275  278  289  
271 4
241  246  252  280  
272 7
219  225  230  234  254  291  293  
273 7
249  250  258  259  282  288  295  
274 2
257  266  
275 3
269  270  289  
276 2
219  291  
277 5
243  253  259  262  292  
278 9
224  266  267  270  289  290  294  297  299  
279 4
232  239  240  263  
280 5
246  271  281  283  286  
281 6
246  269  280  283  289  298  
282 3
273  288  295  
283 3
280  281  286  
284 1
232  
285 4
130  233  242  268  
286 2
280  283  
287 6
253  257  290  292  297  299  
288 4
258  273  282  295  
289 6
270  275  278  281  294  298  
290 5
257  266  278  287  297  
291 3
219  272  276  
292 6
253  259  277  287  295  299  
293 3
254  272  296  
294 3
278  289  298  
295 5
259  273  282  288  292  
296 3
244  254  293  
297 4
278  287  290  299  
298 3
281  289  294  
299 4
278  287  292  297  

0
